5-28863 [91.5, 0, 3, 1, 1]
8-66753 [100.0, 1, 0, 0, 0]
5-78186 [84.0, 0, 1, 0, 0]
5-01815 [85.5, 0, 3, 1, 1]
6-33721 [100.0, 0, 2, 1, 1]
7-34296 [68.0, 0, 2, 1, 1]
2-10067 [84.0, 0, 1, 1, 0]
6-28309 [84.0, 0, 1, 1, 0]
7-17459 [100.0, 0, 1, 0, 0]
7-06828 [91.5, 0, 3, 1, 1]
2-73206 [100.0, 0, 1, 0, 0]
7-35233 [92.5, 3, 0, 1, 1]
4-99164 [19.0, 0, 10, 1, 1]
6-83564 [95.5, 0, 3, 1, 1]
1-88233 [100.0, 0, 1, 0, 0]
2-97169 [100.0, 0, 1, 0, 0]
3-26166 [100.0, 0, 2, 1, 1]
9-86665 [-14.5, 0, 15, 1, 1]
3-80679 [98.0, 0, 1, 1, 0]
9-28306 [65.0, 6, 0, 1, 1]
8-25049 [84.0, 1, 0, 0, 0]
4-75366 [82.5, 3, 0, 1, 1]
6-97174 [96.0, 0, 2, 1, 1]
7-10417 [96.0, 0, 2, 1, 1]
1-03256 [100.0, 0, 2, 1, 1]
2-62357 [-56.5, 0, 20, 0, 1]
3-57491 [42.0, 0, 7, 0, 1]
4-95569 [100.0, 0, 1, 1, 0]
8-36012 [96.0, 0, 2, 1, 1]
6-87614 [62.5, 0, 7, 1, 1]
4-74829 [19.5, 10, 0, 0, 1]
2-85489 [84.0, 0, 1, 1, 0]
8-80992 [100.0, 0, 1, 0, 0]
9-14832 [68.0, 0, 2, 0, 1]
2-68359 [-42.5, 0, 18, 0, 1]
8-37474 [100.0, 0, 2, 1, 1]
1-33088 [100.0, 2, 0, 0, 1]
7-00103 [68.0, 2, 0, 0, 1]
7-62996 [91.5, 0, 3, 0, 1]
5-43109 [100.0, 2, 0, 1, 1]
7-28057 [100.0, 2, 0, 0, 1]
5-35106 [91.5, 0, 3, 1, 1]
2-88869 [85.5, 0, 3, 1, 1]
5-94952 [17.5, 0, 10, 0, 1]
3-64139 [84.0, 1, 0, 1, 0]
9-74266 [-45.5, 0, 18, 1, 1]
2-59342 [96.0, 0, 2, 0, 1]
2-34029 [98.0, 0, 1, 0, 0]
4-68330 [3.0, 14, 0, 1, 1]
8-45886 [100.0, 0, 1, 1, 0]
1-41538 [100.0, 0, 1, 0, 0]
4-82976 [66.0, 6, 0, 1, 1]
8-35925 [8.0, 13, 0, 0, 1]
1-79841 [100.0, 0, 2, 1, 1]
5-94991 [57.5, 7, 0, 1, 1]
7-29549 [-3.5, 0, 14, 1, 1]
9-05353 [36.0, 10, 0, 0, 1]
5-84149 [91.5, 0, 3, 1, 1]
5-94783 [53.0, 8, 0, 1, 1]
9-14521 [100.0, 1, 0, 1, 0]
7-36253 [48.0, 7, 0, 1, 1]
7-56714 [6.5, 0, 14, 0, 1]
4-92180 [82.5, 0, 3, 0, 1]
5-87156 [36.0, 0, 10, 0, 1]
6-91174 [-32.0, 0, 17, 1, 1]
9-63975 [98.0, 1, 0, 1, 0]
6-92184 [100.0, 0, 1, 1, 0]
8-68970 [68.0, 0, 2, 0, 1]
1-68903 [100.0, 1, 0, 1, 0]
3-12409 [85.5, 0, 3, 0, 1]
4-77447 [-3.0, 0, 16, 0, 1]
9-87718 [100.0, 2, 0, 0, 1]
4-87947 [68.0, 0, 2, 1, 1]
8-52426 [6.0, 13, 0, 0, 1]
6-83508 [100.0, 0, 1, 0, 0]
4-61389 [84.0, 1, 0, 0, 0]
3-40852 [15.0, 0, 10, 0, 1]
5-09207 [96.0, 2, 0, 1, 1]
1-53868 [100.0, 1, 0, 1, 0]
7-43625 [-31.0, 18, 0, 0, 1]
9-03312 [43.5, 3, 0, 0, 1]
5-50763 [23.0, 12, 0, 1, 1]
5-35342 [37.0, 8, 0, 1, 1]
9-74887 [95.5, 0, 3, 0, 1]
9-25948 [100.0, 1, 0, 0, 0]
3-02835 [100.0, 1, 0, 1, 0]
9-73743 [-59.5, 20, 0, 0, 1]
1-16118 [98.0, 1, 0, 1, 0]
8-96767 [85.5, 3, 0, 1, 1]
4-86575 [100.0, 1, 0, 0, 0]
1-85434 [98.0, 1, 0, 1, 0]
8-39016 [53.5, 7, 0, 1, 1]
5-51432 [-21.0, 17, 0, 0, 1]
8-47779 [85.5, 3, 0, 0, 1]
6-03232 [68.0, 2, 0, 1, 1]
1-68771 [-14.5, 15, 0, 1, 1]
3-29330 [100.0, 1, 0, 1, 0]
1-11220 [-42.0, 19, 0, 0, 1]
6-81696 [43.5, 3, 0, 1, 1]
8-32328 [100.0, 2, 0, 0, 1]
1-82241 [100.0, 2, 0, 1, 1]
7-75249 [100.0, 1, 0, 1, 0]
3-55567 [-38.0, 17, 0, 1, 1]
8-02342 [91.5, 3, 0, 0, 1]
9-89157 [-37.5, 19, 0, 0, 1]
3-57173 [56.5, 6, 0, 0, 1]
1-41828 [-26.5, 18, 0, 1, 1]
1-05158 [100.0, 1, 0, 0, 0]
5-13686 [100.0, 1, 0, 0, 0]
3-91409 [100.0, 2, 0, 0, 1]
7-67378 [85.5, 3, 0, 0, 1]
8-14412 [100.0, 2, 0, 0, 1]
6-51928 [85.5, 3, 0, 1, 1]
6-88583 [-23.5, 16, 0, 1, 1]
8-38824 [92.5, 3, 0, 1, 1]
6-18438 [-1.0, 13, 0, 0, 1]
5-71932 [68.0, 2, 0, 1, 1]
8-30894 [100.0, 2, 0, 0, 1]
3-06583 [47.5, 3, 0, 1, 1]
4-02583 [2.5, 15, 0, 1, 1]
3-19239 [68.0, 2, 0, 1, 1]
6-01177 [91.5, 3, 0, 1, 1]
9-79862 [96.0, 2, 0, 1, 1]
9-42328 [100.0, 2, 0, 0, 1]
8-70209 [98.0, 1, 0, 1, 0]
9-51332 [68.0, 2, 0, 1, 1]
3-91674 [98.0, 1, 0, 1, 0]
6-77805 [2.5, 0, 14, 1, 1]
5-22817 [-36.5, 0, 18, 0, 1]
1-77868 [96.0, 2, 0, 0, 1]
6-34893 [100.0, 2, 0, 1, 1]
6-24353 [40.0, 10, 0, 1, 1]
7-79101 [84.0, 1, 0, 1, 0]
6-68782 [84.0, 1, 0, 0, 0]
2-13670 [44.0, 0, 8, 1, 1]
5-65910 [31.5, 0, 8, 1, 1]
6-89945 [64.5, 6, 0, 1, 1]
5-85314 [100.0, 2, 0, 0, 1]
5-92385 [-29.5, 16, 0, 1, 1]
4-21157 [18.5, 10, 0, 1, 1]
9-93344 [100.0, 2, 0, 0, 1]
2-58092 [100.0, 1, 0, 1, 0]
2-48467 [88.5, 3, 0, 0, 1]
7-55460 [31.5, 11, 0, 1, 1]
9-78597 [45.0, 0, 8, 1, 1]
5-39482 [14.0, 10, 0, 1, 1]
6-25033 [48.5, 7, 0, 1, 1]
2-71445 [100.0, 2, 0, 1, 1]
8-29848 [84.0, 1, 0, 1, 0]
4-06315 [82.5, 3, 0, 0, 1]
4-41576 [47.5, 3, 0, 1, 1]
6-50516 [29.5, 0, 9, 1, 1]
8-13821 [100.0, 1, 0, 1, 0]
5-35801 [96.0, 2, 0, 0, 1]
2-02340 [62.0, 7, 0, 1, 1]
1-90044 [91.5, 3, 0, 0, 1]
2-69925 [96.0, 2, 0, 0, 1]
8-26345 [96.0, 2, 0, 1, 1]
6-32571 [41.0, 0, 8, 0, 1]
6-82714 [91.5, 3, 0, 0, 1]
7-75439 [100.0, 2, 0, 0, 1]
9-34793 [68.0, 2, 0, 1, 1]
1-20229 [43.5, 3, 0, 0, 1]
4-67466 [0.5, 10, 0, 0, 1]
2-46474 [40.5, 8, 0, 0, 1]
6-20438 [-57.5, 19, 0, 0, 1]
1-69387 [100.0, 2, 0, 0, 1]
1-27984 [100.0, 1, 0, 1, 0]
4-23886 [100.0, 1, 0, 1, 0]
6-81609 [100.0, 1, 0, 1, 0]
6-61097 [84.0, 0, 1, 0, 0]
3-21187 [39.5, 9, 0, 0, 1]
6-34375 [82.5, 0, 3, 0, 1]
7-64919 [14.5, 10, 0, 1, 1]
5-80414 [89.5, 3, 0, 1, 1]
1-10908 [100.0, 2, 0, 1, 1]
1-45233 [22.0, 10, 0, 0, 1]
6-99585 [50.5, 7, 0, 1, 1]
6-56314 [84.0, 1, 0, 0, 0]
4-76550 [-34.0, 18, 0, 1, 1]
1-42919 [100.0, 2, 0, 1, 1]
1-68367 [16.5, 12, 0, 0, 1]
4-88280 [15.5, 10, 0, 1, 1]
2-58802 [85.5, 3, 0, 1, 1]
2-12730 [100.0, 1, 0, 0, 0]
2-36113 [91.5, 3, 0, 0, 1]
5-91036 [100.0, 1, 0, 1, 0]
6-33055 [100.0, 2, 0, 1, 1]
7-69132 [-2.5, 0, 15, 1, 1]
7-77016 [-36.5, 19, 0, 0, 1]
1-58134 [96.0, 0, 2, 1, 1]
9-01359 [100.0, 0, 2, 1, 1]
1-66408 [100.0, 2, 0, 1, 1]
4-65986 [85.5, 3, 0, 1, 1]
1-39305 [100.0, 2, 0, 0, 1]
5-65542 [100.0, 1, 0, 0, 0]
7-49726 [100.0, 0, 1, 1, 0]
6-16836 [91.5, 0, 3, 1, 1]
5-83445 [100.0, 2, 0, 0, 1]
1-27581 [21.0, 11, 0, 0, 1]
1-51737 [44.5, 8, 0, 0, 1]
8-25961 [96.0, 0, 2, 0, 1]
1-57206 [96.0, 0, 2, 0, 1]
2-27036 [-53.5, 20, 0, 0, 1]
9-13055 [100.0, 0, 2, 1, 1]
9-20463 [-40.5, 0, 20, 0, 1]
9-72467 [11.5, 13, 0, 0, 1]
7-02259 [43.5, 0, 3, 1, 1]
4-16797 [100.0, 2, 0, 1, 1]
3-30041 [100.0, 0, 2, 1, 1]
5-82169 [13.5, 0, 12, 1, 1]
1-41288 [85.5, 0, 3, 0, 1]
1-89086 [68.0, 0, 2, 1, 1]
1-54719 [57.5, 0, 7, 1, 1]
4-98291 [100.0, 0, 2, 0, 1]
6-19054 [-5.5, 0, 15, 0, 1]
5-81041 [24.5, 0, 11, 1, 1]
4-45064 [88.5, 0, 3, 1, 1]
7-76939 [100.0, 0, 2, 1, 1]
6-27605 [100.0, 0, 2, 1, 1]
9-67241 [92.5, 0, 3, 1, 1]
6-58819 [21.5, 0, 10, 0, 1]
5-83225 [84.0, 0, 1, 1, 0]
8-40051 [89.5, 0, 3, 1, 1]
5-93066 [22.5, 0, 9, 0, 1]
7-40908 [40.0, 0, 10, 1, 1]
9-72345 [68.0, 0, 2, 0, 1]
4-40942 [91.5, 0, 3, 0, 1]
6-89281 [100.0, 0, 1, 1, 0]
6-55911 [100.0, 0, 2, 1, 1]
2-05337 [44.5, 0, 9, 0, 1]
8-52608 [100.0, 0, 2, 1, 1]
9-82235 [100.0, 0, 1, 0, 0]
7-54027 [-9.0, 0, 15, 1, 1]
6-76158 [98.0, 0, 1, 0, 0]
2-21062 [43.5, 0, 3, 0, 1]
4-86703 [91.5, 0, 3, 0, 1]
8-64783 [100.0, 0, 1, 0, 0]
7-48149 [47.5, 0, 3, 1, 1]
4-15636 [68.0, 0, 2, 1, 1]
6-51114 [96.0, 0, 2, 1, 1]
4-86506 [98.0, 0, 1, 1, 0]
3-46111 [91.5, 0, 3, 1, 1]
1-60081 [100.0, 0, 2, 0, 1]
1-44178 [20.5, 0, 9, 0, 1]
9-80420 [100.0, 0, 2, 0, 1]
7-58505 [85.5, 0, 3, 0, 1]
1-78470 [98.0, 0, 1, 1, 0]
6-63523 [95.5, 3, 0, 0, 1]
7-28061 [100.0, 2, 0, 1, 1]
9-38992 [98.0, 1, 0, 0, 0]
5-26826 [-32.5, 17, 0, 0, 1]
3-87801 [47.5, 3, 0, 1, 1]
6-13047 [47.5, 0, 3, 1, 1]
7-13314 [98.0, 1, 0, 1, 0]
4-81267 [54.0, 8, 0, 0, 1]
4-96491 [100.0, 0, 2, 1, 1]
7-09831 [53.5, 6, 0, 0, 1]
4-28795 [100.0, 1, 0, 1, 0]
9-97282 [100.0, 0, 2, 0, 1]
8-07063 [96.0, 2, 0, 0, 1]
8-08375 [100.0, 1, 0, 1, 0]
8-20269 [85.5, 3, 0, 0, 1]
1-00931 [40.5, 3, 0, 0, 1]
2-99828 [91.5, 3, 0, 0, 1]
9-69346 [36.0, 10, 0, 1, 1]
6-59730 [64.5, 6, 0, 0, 1]
7-56242 [-40.5, 17, 0, 1, 1]
6-67203 [100.0, 1, 0, 1, 0]
6-08703 [100.0, 2, 0, 1, 1]
8-93952 [85.5, 3, 0, 1, 1]
9-30537 [96.0, 2, 0, 0, 1]
4-55578 [95.5, 3, 0, 1, 1]
6-10951 [91.5, 3, 0, 0, 1]
1-48894 [91.5, 3, 0, 0, 1]
3-49414 [98.0, 1, 0, 0, 0]
6-87294 [47.5, 3, 0, 1, 1]
2-11539 [100.0, 1, 0, 1, 0]
1-58705 [40.5, 3, 0, 1, 1]
9-51871 [91.5, 3, 0, 0, 1]
6-24005 [43.5, 3, 0, 1, 1]
2-50192 [40.0, 10, 0, 0, 1]
2-37567 [91.5, 3, 0, 1, 1]
4-30441 [96.0, 2, 0, 1, 1]
3-26527 [-37.0, 17, 0, 1, 1]
9-97050 [95.5, 3, 0, 1, 1]
7-75656 [5.0, 10, 0, 0, 1]
1-50915 [85.5, 3, 0, 1, 1]
4-80224 [-4.0, 9, 5, 1, 1]
7-68177 [100.0, 2, 0, 0, 1]
9-01788 [95.5, 3, 0, 1, 1]
9-59170 [47.5, 3, 0, 0, 1]
5-56179 [100.0, 2, 0, 1, 1]
6-78140 [84.0, 1, 0, 0, 0]
1-28585 [91.5, 3, 0, 1, 1]
6-25891 [98.0, 1, 0, 1, 0]
8-99197 [98.0, 1, 0, 0, 0]
3-52643 [-19.0, 14, 0, 0, 1]
6-95542 [100.0, 1, 0, 1, 0]
9-30889 [100.0, 2, 0, 1, 1]
7-44044 [100.0, 2, 0, 1, 1]
3-43272 [95.5, 3, 0, 0, 1]
4-87344 [100.0, 2, 0, 1, 1]
1-73308 [84.0, 1, 0, 0, 0]
9-51280 [91.5, 3, 0, 1, 1]
4-54990 [-4.5, 15, 0, 0, 1]
5-83268 [70.0, 6, 0, 1, 1]
2-85641 [100.0, 1, 0, 1, 0]
1-24477 [15.0, 10, 0, 1, 1]
2-85146 [53.0, 8, 0, 0, 1]
8-99588 [100.0, 2, 0, 0, 1]
2-45565 [-19.5, 17, 0, 1, 1]
9-12238 [100.0, 1, 0, 1, 0]
3-41035 [68.0, 2, 0, 0, 1]
7-81786 [59.5, 6, 0, 0, 1]
3-85029 [8.0, 13, 0, 1, 1]
9-81150 [62.5, 6, 0, 0, 1]
9-82201 [47.5, 3, 0, 0, 1]
5-95334 [85.5, 3, 0, 0, 1]
7-45539 [91.5, 3, 0, 1, 1]
6-36630 [85.5, 3, 0, 1, 1]
6-70786 [-42.5, 19, 0, 0, 1]
6-05616 [98.0, 1, 0, 1, 0]
9-78468 [60.5, 6, 0, 0, 1]
2-59712 [59.5, 7, 0, 0, 1]
2-71333 [100.0, 2, 0, 1, 1]
6-46854 [43.5, 3, 0, 1, 1]
2-03467 [100.0, 1, 0, 1, 0]
5-56521 [100.0, 2, 0, 1, 1]
9-05276 [-8.5, 15, 0, 1, 1]
1-06206 [100.0, 2, 0, 0, 1]
4-33946 [100.0, 1, 0, 0, 0]
8-39369 [91.5, 3, 0, 1, 1]
1-41026 [-3.0, 16, 0, 1, 1]
4-63869 [100.0, 2, 0, 0, 1]
7-24910 [66.0, 6, 0, 1, 1]
3-26957 [100.0, 2, 0, 0, 1]
3-19928 [96.0, 2, 0, 0, 1]
8-06735 [41.5, 9, 0, 1, 1]
7-64578 [85.5, 3, 0, 1, 1]
7-62668 [100.0, 1, 0, 1, 0]
8-85933 [96.0, 2, 0, 0, 1]
1-40326 [68.0, 2, 0, 0, 1]
3-46663 [43.5, 3, 0, 0, 1]
7-32090 [98.0, 1, 0, 0, 0]
6-19207 [43.5, 3, 0, 1, 1]
4-01365 [27.0, 9, 0, 1, 1]
4-17837 [-39.5, 18, 0, 1, 1]
7-89920 [96.0, 2, 0, 1, 1]
3-10372 [11.0, 13, 0, 1, 1]
4-83121 [100.0, 1, 0, 0, 0]
5-28200 [-31.5, 19, 0, 1, 1]
6-76151 [9.0, 10, 0, 0, 1]
9-31373 [18.5, 11, 0, 1, 1]
6-12716 [100.0, 1, 0, 0, 0]
7-35200 [98.0, 1, 0, 0, 0]
7-54448 [91.5, 3, 0, 0, 1]
1-08398 [-20.0, 18, 0, 1, 1]
6-73290 [15.5, 11, 0, 0, 1]
6-36016 [-19.0, 17, 0, 1, 1]
5-85174 [30.0, 9, 0, 1, 1]
1-93799 [48.0, 8, 0, 1, 1]
3-87065 [100.0, 1, 0, 0, 0]
5-35112 [84.0, 1, 0, 1, 0]
2-65598 [48.5, 9, 0, 1, 1]
3-76707 [12.0, 10, 0, 0, 1]
3-84037 [14.5, 13, 0, 1, 1]
8-05383 [100.0, 2, 0, 1, 1]
4-01009 [-9.5, 16, 0, 1, 1]
6-12886 [-24.0, 16, 0, 1, 1]
1-18212 [91.5, 3, 0, 0, 1]
6-93830 [64.0, 6, 0, 0, 1]
1-99031 [96.0, 0, 2, 1, 1]
4-24211 [63.0, 6, 0, 1, 1]
3-03528 [43.5, 3, 0, 1, 1]
2-86645 [91.5, 3, 0, 0, 1]
8-38443 [43.5, 0, 3, 0, 1]
1-64665 [22.0, 0, 10, 1, 1]
5-64024 [53.0, 0, 7, 0, 1]
4-38117 [47.0, 7, 0, 0, 1]
8-18981 [37.0, 0, 8, 0, 1]
3-80925 [91.5, 3, 0, 1, 1]
6-90741 [95.5, 0, 3, 1, 1]
5-58491 [89.5, 2, 1, 1, 1]
4-32256 [96.0, 0, 2, 1, 1]
8-96385 [96.0, 2, 0, 1, 1]
1-28126 [95.5, 3, 0, 0, 1]
2-72705 [84.0, 0, 1, 1, 0]
9-40773 [27.0, 9, 0, 0, 1]
9-38276 [95.5, 0, 3, 1, 1]
9-44685 [22.5, 0, 9, 0, 1]
4-19575 [85.5, 3, 0, 1, 1]
6-74419 [91.5, 3, 0, 1, 1]
9-45493 [70.0, 0, 6, 1, 1]
7-46568 [14.0, 0, 12, 0, 1]
1-42802 [0.0, 14, 0, 0, 1]
8-58847 [43.5, 0, 3, 1, 1]
3-72486 [96.0, 0, 2, 0, 1]
1-57039 [24.0, 0, 9, 1, 1]
2-92422 [91.5, 0, 3, 1, 1]
1-22774 [91.5, 3, 0, 0, 1]
6-26015 [47.5, 0, 3, 1, 1]
7-93193 [89.0, 0, 3, 1, 1]
5-68134 [88.0, 3, 0, 0, 1]
1-19465 [100.0, 0, 2, 1, 1]
8-07513 [98.0, 1, 0, 1, 0]
1-43958 [84.0, 1, 0, 1, 0]
5-01655 [91.5, 0, 3, 1, 1]
6-65642 [-5.5, 0, 15, 0, 1]
5-19499 [-36.0, 0, 18, 0, 1]
1-77891 [100.0, 0, 2, 1, 1]
9-93477 [10.0, 0, 14, 1, 1]
2-73362 [43.5, 0, 3, 0, 1]
8-83081 [68.0, 0, 2, 1, 1]
4-93685 [30.0, 9, 0, 0, 1]
3-70305 [100.0, 1, 0, 1, 0]
1-61533 [98.0, 1, 0, 0, 0]
1-00813 [84.0, 0, 1, 1, 0]
3-70007 [84.0, 1, 0, 0, 0]
3-29897 [100.0, 0, 1, 1, 0]
9-63457 [100.0, 1, 0, 0, 0]
9-28604 [96.0, 2, 0, 0, 1]
1-44865 [85.5, 0, 3, 1, 1]
7-94707 [18.5, 0, 11, 1, 1]
7-55426 [33.0, 0, 9, 1, 1]
8-17734 [-17.5, 0, 16, 1, 1]
9-63851 [48.5, 0, 7, 0, 1]
9-17863 [-23.0, 18, 0, 0, 1]
8-71802 [95.5, 3, 0, 1, 1]
7-24438 [100.0, 0, 2, 0, 1]
3-26793 [84.0, 0, 1, 0, 0]
9-81785 [100.0, 0, 1, 1, 0]
4-30205 [85.5, 3, 0, 0, 1]
1-05688 [100.0, 0, 2, 0, 1]
1-70369 [100.0, 0, 1, 1, 0]
3-29529 [37.0, 0, 10, 1, 1]
3-78706 [91.5, 0, 3, 1, 1]
1-82568 [43.5, 0, 3, 0, 1]
7-80065 [85.5, 0, 3, 0, 1]
8-85288 [100.0, 2, 0, 1, 1]
6-85935 [28.5, 0, 11, 1, 1]
1-93806 [68.0, 2, 0, 0, 1]
2-76580 [100.0, 0, 2, 0, 1]
8-85893 [100.0, 0, 2, 1, 1]
3-39460 [19.5, 0, 12, 0, 1]
7-74357 [-46.5, 0, 19, 0, 1]
1-49195 [68.0, 0, 2, 1, 1]
9-15857 [46.5, 7, 0, 0, 1]
4-32684 [100.0, 0, 1, 1, 0]
9-63941 [100.0, 0, 2, 1, 1]
9-38266 [100.0, 0, 1, 1, 0]
3-67433 [37.5, 0, 8, 1, 1]
1-37503 [100.0, 0, 1, 1, 0]
9-74746 [15.5, 0, 10, 1, 1]
9-51277 [84.0, 1, 0, 1, 0]
9-15203 [100.0, 2, 0, 0, 1]
8-36632 [96.0, 0, 2, 1, 1]
9-84459 [100.0, 1, 0, 0, 0]
2-28639 [100.0, 0, 2, 0, 1]
7-34254 [82.5, 0, 3, 0, 1]
9-90235 [68.0, 2, 0, 0, 1]
5-50445 [96.0, 2, 0, 0, 1]
9-02533 [85.5, 3, 0, 0, 1]
7-82361 [91.5, 3, 0, 1, 1]
7-58807 [17.0, 12, 0, 1, 1]
9-90486 [96.0, 2, 0, 0, 1]
7-14090 [40.5, 3, 0, 0, 1]
3-53677 [43.5, 3, 0, 1, 1]
8-20699 [-21.0, 14, 0, 0, 1]
2-20765 [100.0, 1, 0, 1, 0]
4-93781 [15.5, 10, 0, 1, 1]
9-38093 [100.0, 2, 0, 0, 1]
4-80076 [68.0, 2, 0, 1, 1]
5-94745 [19.0, 11, 0, 1, 1]
9-30788 [89.5, 3, 0, 1, 1]
2-21157 [96.0, 2, 0, 1, 1]
7-48293 [88.5, 3, 0, 1, 1]
4-81248 [6.0, 14, 0, 0, 1]
8-96035 [84.0, 1, 0, 1, 0]
2-28856 [49.0, 8, 0, 0, 1]
2-12311 [47.5, 8, 0, 1, 1]
5-22903 [95.5, 0, 3, 1, 1]
8-69984 [84.0, 1, 0, 1, 0]
5-52489 [68.0, 2, 0, 1, 1]
3-29148 [91.5, 3, 0, 1, 1]
3-74055 [100.0, 2, 0, 1, 1]
2-94633 [100.0, 2, 0, 1, 1]
6-14504 [100.0, 2, 0, 1, 1]
9-43018 [68.0, 2, 0, 1, 1]
2-44248 [91.5, 3, 0, 0, 1]
9-36748 [100.0, 1, 0, 1, 0]
7-88536 [30.0, 9, 0, 0, 1]
6-15632 [24.0, 11, 0, 1, 1]
9-82108 [91.5, 3, 0, 1, 1]
6-59335 [43.5, 3, 0, 0, 1]
9-65597 [-26.0, 17, 0, 1, 1]
6-54546 [57.0, 6, 0, 1, 1]
5-50199 [96.0, 2, 0, 1, 1]
8-33688 [-56.5, 20, 0, 0, 1]
6-62361 [100.0, 2, 0, 1, 1]
6-13095 [68.0, 2, 0, 1, 1]
1-75192 [85.5, 3, 0, 0, 1]
2-38264 [-46.5, 20, 0, 1, 1]
8-70785 [82.5, 3, 0, 1, 1]
5-02518 [32.0, 10, 0, 1, 1]
5-21847 [96.0, 2, 0, 1, 1]
8-61011 [98.0, 1, 0, 0, 0]
8-60705 [43.5, 3, 0, 0, 1]
1-01632 [34.0, 8, 0, 1, 1]
1-55354 [68.0, 2, 0, 1, 1]
4-73829 [98.0, 1, 0, 1, 0]
8-19801 [100.0, 1, 0, 1, 0]
5-02648 [49.0, 8, 0, 0, 1]
3-92738 [14.5, 10, 0, 0, 1]
6-10186 [68.0, 2, 0, 1, 1]
9-98838 [-11.5, 17, 0, 1, 1]
6-89244 [60.5, 6, 0, 0, 1]
3-38396 [15.5, 10, 0, 1, 1]
2-23708 [95.5, 3, 0, 0, 1]
8-85000 [60.0, 6, 0, 0, 1]
1-33001 [68.0, 2, 0, 0, 1]
3-46664 [84.0, 1, 0, 1, 0]
1-71076 [100.0, 2, 0, 1, 1]
6-95750 [12.0, 10, 0, 0, 1]
6-72586 [0.5, 10, 0, 1, 1]
3-99150 [37.0, 8, 0, 1, 1]
1-32102 [100.0, 1, 0, 0, 0]
2-55463 [100.0, 1, 0, 1, 0]
9-64371 [96.0, 2, 0, 1, 1]
6-57665 [29.0, 10, 0, 0, 1]
3-37550 [100.0, 2, 0, 1, 1]
2-07754 [84.0, 1, 0, 0, 0]
6-11516 [2.0, 10, 0, 0, 1]
4-61151 [68.0, 2, 0, 1, 1]
5-10506 [47.5, 3, 0, 0, 1]
5-34960 [46.0, 8, 0, 0, 1]
1-86888 [85.5, 3, 0, 0, 1]
6-13239 [19.5, 12, 0, 1, 1]
7-10882 [16.0, 10, 0, 0, 1]
1-24118 [17.0, 12, 0, 1, 1]
6-15946 [31.5, 11, 0, 1, 1]
2-10598 [49.5, 8, 0, 0, 1]
4-61072 [36.0, 10, 0, 1, 1]
6-86044 [84.0, 1, 0, 0, 0]
4-63488 [100.0, 1, 0, 1, 0]
8-69599 [82.5, 3, 0, 1, 1]
4-83594 [31.0, 8, 0, 1, 1]
1-50081 [89.5, 3, 0, 0, 1]
8-18411 [100.0, 1, 0, 1, 0]
9-28146 [98.0, 1, 0, 0, 0]
8-40458 [96.0, 2, 0, 1, 1]
9-68725 [98.0, 1, 0, 0, 0]
9-13475 [7.0, 12, 0, 1, 1]
3-02760 [68.0, 2, 0, 0, 1]
4-36593 [30.0, 9, 0, 0, 1]
3-61504 [100.0, 1, 0, 1, 0]
4-17265 [84.0, 1, 0, 0, 0]
1-23757 [84.0, 1, 0, 1, 0]
3-03136 [96.0, 2, 0, 1, 1]
3-06931 [98.0, 1, 0, 1, 0]
5-64193 [43.5, 3, 0, 0, 1]
1-22015 [-50.5, 19, 0, 1, 1]
5-12284 [100.0, 1, 0, 1, 0]
6-52603 [43.5, 3, 0, 0, 1]
9-66110 [43.5, 3, 0, 1, 1]
3-77247 [95.5, 3, 0, 0, 1]
6-36239 [-30.0, 18, 0, 0, 1]
9-51047 [68.0, 6, 0, 0, 1]
4-84559 [65.5, 7, 0, 1, 1]
9-40108 [33.5, 8, 0, 1, 1]
3-90872 [47.5, 3, 0, 1, 1]
8-89317 [40.5, 3, 0, 1, 1]
1-98876 [98.0, 1, 0, 0, 0]
1-45773 [96.0, 2, 0, 0, 1]
6-54246 [84.0, 1, 0, 0, 0]
6-09461 [43.5, 3, 0, 0, 1]
8-71424 [85.5, 3, 0, 1, 1]
9-21459 [36.5, 10, 0, 1, 1]
6-69380 [88.0, 3, 0, 1, 1]
2-54561 [43.5, 3, 0, 0, 1]
1-41455 [85.5, 3, 0, 0, 1]
7-85675 [10.5, 12, 0, 0, 1]
4-90333 [47.5, 3, 0, 0, 1]
4-23298 [66.0, 6, 0, 1, 1]
5-84944 [100.0, 2, 0, 1, 1]
1-44535 [100.0, 2, 0, 1, 1]
9-64963 [91.5, 3, 0, 1, 1]
1-28864 [40.0, 10, 0, 1, 1]
1-51103 [95.5, 3, 0, 1, 1]
8-89503 [17.0, 9, 0, 1, 1]
7-76313 [100.0, 1, 0, 0, 0]
8-22882 [91.5, 3, 0, 1, 1]
7-96093 [85.5, 3, 0, 1, 1]
4-38282 [43.5, 3, 0, 1, 1]
2-30682 [100.0, 2, 0, 0, 1]
3-35095 [100.0, 1, 0, 1, 0]
3-76547 [98.0, 0, 1, 0, 0]
4-49758 [100.0, 2, 0, 0, 1]
7-49267 [21.5, 10, 0, 0, 1]
4-66648 [100.0, 1, 0, 1, 0]
1-38800 [50.5, 8, 0, 1, 1]
4-71261 [100.0, 1, 0, 1, 0]
6-26229 [100.0, 1, 0, 1, 0]
4-58725 [98.0, 0, 1, 1, 0]
8-21278 [46.0, 0, 7, 1, 1]
2-40722 [96.0, 0, 2, 0, 1]
9-98002 [91.5, 0, 3, 0, 1]
8-21635 [40.0, 10, 0, 0, 1]
7-29816 [96.0, 0, 2, 0, 1]
4-28796 [41.5, 0, 7, 0, 1]
6-03545 [11.0, 0, 10, 0, 1]
6-44011 [100.0, 0, 2, 0, 1]
9-51999 [84.0, 0, 1, 1, 0]
4-79097 [100.0, 0, 2, 0, 1]
9-23600 [40.5, 0, 9, 0, 1]
9-60234 [47.5, 0, 3, 0, 1]
1-68754 [91.5, 0, 3, 0, 1]
1-79508 [91.5, 0, 3, 1, 1]
9-62387 [57.0, 0, 8, 0, 1]
3-64063 [100.0, 0, 2, 0, 1]
3-44499 [96.0, 2, 0, 0, 1]
5-37211 [84.0, 0, 1, 1, 0]
9-26928 [-43.0, 0, 19, 1, 1]
5-86024 [59.5, 7, 0, 1, 1]
5-95530 [33.0, 0, 9, 1, 1]
6-05954 [96.0, 0, 2, 0, 1]
2-74106 [100.0, 2, 0, 1, 1]
5-48693 [68.0, 2, 0, 1, 1]
5-98919 [96.0, 0, 2, 1, 1]
9-50563 [43.5, 0, 3, 0, 1]
3-77113 [-37.0, 20, 0, 1, 1]
8-47183 [100.0, 1, 0, 0, 0]
7-84584 [-12.5, 14, 0, 1, 1]
3-77694 [-41.0, 0, 20, 0, 1]
2-44414 [68.0, 2, 0, 1, 1]
6-33987 [89.5, 0, 3, 0, 1]
9-57448 [68.0, 6, 0, 1, 1]
2-78652 [85.5, 3, 0, 0, 1]
2-33251 [91.5, 0, 3, 1, 1]
5-73547 [100.0, 1, 0, 1, 0]
2-76454 [98.0, 0, 1, 1, 0]
9-25789 [96.0, 2, 0, 1, 1]
4-83056 [98.0, 0, 1, 1, 0]
4-28367 [27.5, 0, 10, 1, 1]
6-57612 [100.0, 1, 0, 1, 0]
8-66848 [-20.0, 0, 16, 1, 1]
3-29240 [98.0, 0, 1, 1, 0]
7-21971 [85.0, 0, 3, 0, 1]
6-42622 [1.5, 0, 14, 1, 1]
8-01795 [2.5, 14, 0, 0, 1]
9-08150 [-36.0, 17, 0, 1, 1]
7-92378 [100.0, 1, 1, 0, 1]
3-36901 [12.0, 0, 10, 1, 1]
1-21000 [91.5, 0, 3, 0, 1]
6-99607 [84.0, 1, 0, 0, 0]
1-93662 [95.5, 0, 3, 1, 1]
8-27541 [98.0, 1, 0, 0, 0]
3-20387 [15.5, 0, 10, 1, 1]
3-22250 [91.5, 0, 3, 1, 1]
4-10555 [-47.0, 20, 0, 1, 1]
8-80463 [100.0, 0, 2, 1, 1]
6-15237 [98.0, 0, 1, 1, 0]
4-05039 [-15.5, 0, 16, 1, 1]
9-57231 [68.0, 0, 2, 0, 1]
7-28053 [83.0, 3, 0, 0, 1]
5-49233 [30.0, 0, 9, 0, 1]
8-12399 [40.0, 7, 0, 1, 1]
9-19116 [18.5, 0, 10, 1, 1]
7-83476 [91.5, 0, 3, 0, 1]
5-64271 [100.0, 1, 0, 1, 0]
3-27245 [60.0, 0, 6, 1, 1]
7-07862 [100.0, 0, 1, 0, 0]
8-95309 [-31.5, 17, 0, 0, 1]
9-36029 [68.0, 0, 2, 0, 1]
4-01409 [68.0, 0, 2, 0, 1]
4-59202 [85.5, 3, 0, 1, 1]
3-45546 [100.0, 0, 1, 1, 0]
6-81780 [85.5, 3, 0, 1, 1]
1-17567 [98.0, 0, 1, 0, 0]
7-78285 [96.0, 2, 0, 0, 1]
4-05840 [100.0, 1, 0, 0, 0]
9-14149 [30.5, 0, 10, 0, 1]
8-24708 [30.0, 0, 9, 0, 1]
4-23899 [84.0, 0, 1, 0, 0]
8-11626 [100.0, 0, 2, 0, 1]
1-65938 [96.0, 0, 2, 0, 1]
9-38087 [100.0, 0, 1, 1, 0]
4-00082 [-55.5, 20, 0, 1, 1]
1-48649 [-25.0, 16, 0, 0, 1]
8-55170 [68.0, 0, 2, 0, 1]
4-21906 [100.0, 1, 0, 1, 0]
3-05817 [15.0, 10, 0, 1, 1]
2-59435 [100.0, 0, 1, 0, 0]
6-05329 [27.0, 9, 0, 1, 1]
3-39079 [91.5, 3, 0, 0, 1]
2-80420 [36.0, 0, 10, 1, 1]
6-66427 [32.5, 9, 0, 1, 1]
1-18308 [41.0, 8, 0, 0, 1]
6-35009 [89.5, 3, 0, 1, 1]
6-75561 [-24.0, 17, 0, 1, 1]
4-47858 [60.0, 6, 0, 1, 1]
6-69175 [100.0, 2, 0, 0, 1]
9-06871 [-29.5, 18, 0, 1, 1]
3-21742 [100.0, 2, 0, 1, 1]
8-94583 [40.0, 10, 0, 1, 1]
3-45016 [6.0, 14, 0, 0, 1]
8-23816 [34.0, 8, 0, 0, 1]
2-76444 [-34.5, 19, 0, 0, 1]
4-58049 [0.5, 14, 0, 0, 1]
5-52934 [91.5, 3, 0, 1, 1]
4-10376 [66.0, 6, 0, 1, 1]
8-17118 [43.5, 3, 0, 1, 1]
2-23384 [100.0, 2, 0, 0, 1]
2-74892 [85.5, 3, 0, 0, 1]
7-47649 [37.5, 8, 0, 1, 1]
1-26963 [68.0, 2, 0, 1, 1]
1-11697 [-12.0, 15, 0, 0, 1]
8-64552 [100.0, 2, 0, 1, 1]
8-67781 [63.0, 6, 0, 1, 1]
8-70202 [98.0, 1, 0, 0, 0]
7-26476 [91.5, 3, 0, 0, 1]
7-40954 [91.5, 3, 0, 0, 1]
3-06132 [-15.5, 16, 0, 1, 1]
7-96620 [33.5, 9, 0, 1, 1]
8-97072 [68.0, 2, 0, 1, 1]
7-71893 [16.0, 11, 0, 0, 1]
3-74397 [100.0, 1, 0, 1, 0]
3-75393 [91.5, 3, 0, 1, 1]
3-35950 [43.5, 3, 0, 1, 1]
7-78232 [84.0, 1, 0, 0, 0]
2-18762 [92.5, 3, 0, 1, 1]
3-03088 [37.0, 3, 0, 1, 1]
6-70492 [91.5, 3, 0, 0, 1]
4-89063 [52.5, 7, 0, 0, 1]
4-32191 [85.5, 3, 0, 0, 1]
2-93513 [100.0, 2, 0, 1, 1]
3-68845 [96.0, 2, 0, 1, 1]
5-33401 [3.0, 14, 0, 0, 1]
4-11028 [-36.5, 19, 0, 1, 1]
8-08848 [54.5, 6, 0, 0, 1]
4-33099 [100.0, 2, 0, 1, 1]
8-73951 [33.5, 9, 0, 1, 1]
6-64399 [-30.5, 18, 0, 1, 1]
9-51347 [84.0, 1, 0, 1, 0]
4-22274 [64.0, 6, 0, 1, 1]
8-94683 [65.5, 7, 0, 0, 1]
9-20886 [-30.5, 18, 0, 1, 1]
1-55907 [84.0, 1, 0, 1, 0]
5-29931 [84.0, 1, 0, 1, 0]
6-25858 [85.5, 3, 0, 1, 1]
6-77599 [-38.0, 19, 0, 1, 1]
2-23079 [20.0, 0, 12, 0, 1]
1-74458 [100.0, 1, 0, 1, 0]
4-68511 [100.0, 1, 0, 0, 0]
4-20089 [100.0, 0, 1, 0, 0]
6-78338 [-38.0, 0, 19, 1, 1]
2-20107 [91.5, 0, 3, 0, 1]
8-34566 [41.5, 8, 0, 0, 1]
4-32490 [38.5, 8, 0, 1, 1]
7-95121 [13.5, 0, 12, 1, 1]
3-14955 [100.0, 1, 0, 0, 0]
1-22937 [42.5, 7, 0, 0, 1]
3-51931 [84.0, 1, 0, 0, 0]
5-67943 [33.0, 8, 0, 0, 1]
2-48180 [98.0, 1, 0, 0, 0]
5-05649 [26.0, 0, 9, 1, 1]
4-98208 [84.0, 1, 0, 1, 0]
8-13937 [10.0, 12, 0, 1, 1]
1-29731 [34.5, 0, 9, 1, 1]
8-78459 [100.0, 1, 0, 0, 0]
9-57837 [100.0, 1, 0, 0, 0]
5-05581 [43.5, 3, 0, 1, 1]
6-59407 [68.0, 2, 0, 0, 1]
4-65096 [54.5, 0, 6, 1, 1]
6-90650 [100.0, 2, 0, 1, 1]
5-02338 [100.0, 1, 0, 1, 0]
4-43507 [98.0, 0, 1, 0, 0]
2-58487 [89.5, 0, 3, 1, 1]
1-91611 [100.0, 0, 2, 1, 1]
2-04748 [96.0, 0, 2, 0, 1]
8-96277 [100.0, 0, 2, 0, 1]
5-13752 [91.5, 3, 0, 1, 1]
9-68945 [49.0, 8, 0, 1, 1]
8-51608 [40.0, 0, 7, 1, 1]
5-87311 [25.0, 0, 10, 0, 1]
5-06854 [68.0, 0, 2, 0, 1]
3-86784 [100.0, 0, 1, 0, 0]
4-07438 [96.0, 0, 2, 1, 1]
5-66847 [-50.0, 19, 0, 1, 1]
7-19214 [62.0, 6, 0, 0, 1]
7-40287 [98.0, 0, 1, 0, 0]
3-58882 [36.5, 9, 0, 1, 1]
9-44817 [100.0, 1, 0, 0, 0]
6-91218 [98.0, 1, 0, 0, 0]
4-74839 [100.0, 1, 0, 1, 0]
2-07292 [100.0, 0, 2, 0, 1]
1-06867 [19.0, 0, 9, 1, 1]
5-70978 [59.5, 0, 7, 0, 1]
7-15562 [-20.5, 0, 16, 1, 1]
6-01963 [91.5, 0, 3, 1, 1]
4-15623 [91.5, 3, 0, 0, 1]
2-90983 [91.5, 3, 0, 1, 1]
2-92390 [100.0, 0, 1, 1, 0]
4-04488 [98.0, 1, 0, 1, 0]
7-59791 [-55.5, 0, 20, 0, 1]
2-74620 [5.0, 13, 0, 1, 1]
3-38927 [19.0, 0, 9, 1, 1]
1-58915 [100.0, 0, 1, 1, 0]
4-08960 [38.0, 8, 0, 0, 1]
8-74006 [100.0, 0, 1, 1, 0]
2-98758 [100.0, 0, 1, 0, 0]
4-65137 [32.0, 10, 0, 1, 1]
3-05902 [91.5, 0, 3, 1, 1]
2-28492 [-48.5, 18, 0, 1, 1]
7-99864 [43.5, 0, 3, 0, 1]
7-58553 [-3.0, 0, 14, 0, 1]
3-21808 [43.5, 3, 0, 0, 1]
3-30925 [26.5, 0, 9, 1, 1]
8-51403 [84.0, 1, 0, 1, 0]
4-81680 [84.0, 0, 1, 0, 0]
9-41976 [-0.5, 0, 14, 1, 1]
3-15408 [44.5, 0, 8, 1, 1]
8-49680 [100.0, 0, 2, 0, 1]
3-67924 [100.0, 0, 1, 1, 0]
9-14927 [35.0, 0, 8, 0, 1]
3-09614 [68.0, 0, 2, 1, 1]
3-93671 [18.5, 0, 9, 1, 1]
9-39995 [91.5, 0, 3, 0, 1]
2-07090 [43.5, 0, 3, 1, 1]
5-56660 [68.0, 2, 0, 0, 1]
6-70535 [-46.5, 20, 0, 0, 1]
5-26557 [33.0, 0, 9, 1, 1]
8-51106 [56.5, 0, 7, 1, 1]
3-13561 [43.5, 0, 3, 0, 1]
3-75600 [100.0, 1, 0, 0, 0]
6-25358 [91.5, 0, 3, 1, 1]
7-98997 [85.5, 0, 3, 0, 1]
4-29890 [82.5, 3, 0, 1, 1]
1-48184 [85.5, 0, 3, 1, 1]
8-72312 [91.5, 0, 3, 1, 1]
1-08252 [-20.5, 0, 16, 1, 1]
4-14021 [100.0, 0, 1, 1, 0]
8-93259 [47.5, 3, 0, 0, 1]
2-19994 [43.5, 3, 0, 0, 1]
8-65988 [84.0, 0, 1, 0, 0]
8-13188 [100.0, 1, 0, 1, 0]
9-50062 [100.0, 2, 0, 1, 1]
1-43112 [100.0, 2, 0, 1, 1]
8-64319 [84.0, 1, 0, 1, 0]
9-00260 [6.0, 8, 6, 1, 1]
3-22692 [91.5, 3, 0, 1, 1]
3-99543 [35.5, 8, 0, 1, 1]
8-86495 [98.0, 1, 0, 1, 0]
7-25099 [-37.5, 18, 0, 0, 1]
6-60183 [100.0, 2, 0, 0, 1]
5-65329 [52.5, 7, 0, 0, 1]
8-52432 [84.0, 1, 0, 1, 0]
1-30035 [100.0, 2, 0, 0, 1]
5-84081 [41.0, 8, 0, 0, 1]
2-98518 [100.0, 2, 0, 0, 1]
1-73796 [48.5, 9, 0, 1, 1]
4-30818 [-2.5, 15, 0, 1, 1]
9-74070 [-11.0, 16, 0, 1, 1]
3-53200 [100.0, 2, 0, 1, 1]
9-30584 [91.5, 3, 0, 1, 1]
7-05105 [40.0, 10, 0, 1, 1]
4-35785 [89.5, 3, 0, 1, 1]
2-73520 [8.5, 10, 0, 0, 1]
1-82640 [98.0, 1, 0, 1, 0]
6-16594 [100.0, 2, 0, 0, 1]
5-73013 [31.5, 11, 0, 0, 1]
4-58229 [91.5, 3, 0, 0, 1]
9-72014 [100.0, 1, 0, 1, 0]
5-03277 [98.0, 1, 0, 0, 0]
8-18159 [68.0, 2, 0, 0, 1]
4-75194 [96.0, 2, 0, 1, 1]
9-90195 [85.5, 3, 0, 1, 1]
4-52649 [100.0, 2, 0, 1, 1]
5-55413 [56.5, 6, 0, 1, 1]
7-32455 [-13.5, 15, 0, 0, 1]
6-05643 [91.5, 3, 0, 1, 1]
9-57633 [98.0, 1, 0, 1, 0]
1-22359 [95.5, 3, 0, 0, 1]
4-15066 [100.0, 2, 0, 0, 1]
1-62124 [38.5, 8, 0, 1, 1]
9-06609 [56.5, 7, 0, 1, 1]
1-55363 [95.5, 3, 0, 0, 1]
8-80853 [100.0, 2, 0, 1, 1]
3-66210 [-11.0, 16, 0, 1, 1]
9-80147 [100.0, 1, 0, 1, 0]
1-10307 [91.5, 3, 0, 0, 1]
2-90971 [89.5, 3, 0, 0, 1]
5-44446 [100.0, 1, 0, 1, 0]
2-92877 [-0.5, 14, 0, 1, 1]
6-37263 [100.0, 2, 0, 0, 1]
8-33372 [84.0, 1, 0, 0, 0]
7-87006 [91.5, 3, 0, 0, 1]
2-50905 [23.5, 9, 0, 1, 1]
6-56675 [84.0, 1, 0, 1, 0]
4-94211 [18.5, 9, 0, 0, 1]
8-44503 [91.5, 3, 0, 1, 1]
5-35758 [100.0, 1, 0, 1, 0]
4-78409 [11.0, 10, 0, 1, 1]
9-59723 [100.0, 1, 0, 0, 0]
4-04724 [79.0, 3, 0, 1, 1]
6-20183 [98.0, 1, 0, 1, 0]
1-21302 [98.0, 1, 0, 1, 0]
7-91899 [41.5, 8, 0, 0, 1]
8-74317 [100.0, 1, 0, 1, 0]
8-57287 [100.0, 1, 0, 1, 0]
8-35536 [-15.5, 16, 0, 1, 1]
3-09491 [84.0, 1, 0, 1, 0]
9-14475 [15.5, 10, 0, 1, 1]
8-55212 [-53.5, 19, 0, 0, 1]
4-90538 [84.0, 1, 0, 1, 0]
2-00644 [32.5, 9, 0, 1, 1]
4-09050 [100.0, 1, 0, 0, 0]
6-83430 [98.0, 1, 0, 1, 0]
2-40029 [56.5, 6, 0, 1, 1]
4-77021 [91.5, 3, 0, 0, 1]
5-19579 [88.5, 3, 0, 0, 1]
6-84051 [98.0, 1, 0, 1, 0]
9-00296 [98.0, 1, 0, 0, 0]
3-14938 [13.0, 12, 0, 1, 1]
7-60474 [91.5, 3, 0, 0, 1]
2-33821 [98.0, 1, 0, 1, 0]
5-36535 [43.5, 3, 0, 0, 1]
6-49437 [100.0, 1, 0, 1, 0]
1-22842 [29.0, 9, 0, 1, 1]
4-40022 [-47.0, 20, 0, 1, 1]
8-75530 [100.0, 1, 0, 1, 0]
8-20247 [96.0, 2, 0, 0, 1]
1-95629 [68.0, 2, 0, 1, 1]
8-76343 [18.5, 10, 0, 0, 1]
7-99835 [100.0, 1, 0, 0, 0]
5-86331 [100.0, 2, 0, 1, 1]
2-44336 [-2.0, 13, 0, 0, 1]
5-40712 [-2.5, 14, 0, 0, 1]
8-26212 [96.0, 2, 0, 0, 1]
4-44968 [100.0, 1, 0, 1, 0]
2-93047 [16.5, 12, 0, 1, 1]
7-60015 [84.0, 1, 0, 1, 0]
6-93799 [-34.5, 19, 0, 1, 1]
5-33565 [-61.5, 19, 0, 1, 1]
4-78541 [12.5, 10, 0, 0, 1]
7-42518 [19.5, 11, 0, 1, 1]
4-53017 [96.0, 2, 0, 1, 1]
5-12009 [88.5, 3, 0, 1, 1]
6-33575 [43.5, 3, 0, 0, 1]
9-56716 [10.0, 14, 0, 0, 1]
7-48551 [21.0, 10, 0, 1, 1]
2-09675 [98.0, 1, 0, 0, 0]
2-13523 [48.0, 8, 0, 0, 1]
6-06772 [100.0, 2, 0, 1, 1]
5-70594 [68.0, 2, 0, 0, 1]
6-37564 [-22.0, 17, 0, 1, 1]
5-46879 [84.0, 1, 0, 0, 0]
8-34798 [100.0, 1, 0, 0, 0]
5-08781 [100.0, 1, 0, 1, 0]
3-33093 [36.5, 10, 0, 0, 1]
3-05451 [-4.5, 15, 0, 0, 1]
7-29110 [84.0, 1, 0, 1, 0]
7-48482 [8.5, 13, 0, 1, 1]
4-10609 [100.0, 1, 0, 0, 0]
1-96097 [100.0, 1, 0, 1, 0]
9-52050 [100.0, 2, 0, 1, 1]
2-40893 [100.0, 1, 0, 0, 0]
1-38209 [-5.5, 15, 0, 0, 1]
3-56601 [95.5, 0, 3, 0, 1]
8-99365 [84.0, 1, 0, 0, 0]
1-83557 [100.0, 1, 0, 1, 0]
8-23023 [91.5, 3, 0, 0, 1]
4-69394 [13.0, 9, 0, 1, 1]
3-66565 [92.5, 3, 0, 0, 1]
6-80077 [-34.0, 15, 3, 1, 1]
9-24054 [100.0, 1, 0, 1, 0]
2-79789 [100.0, 2, 0, 1, 1]
3-89434 [84.0, 1, 0, 1, 0]
4-47289 [100.0, 0, 2, 0, 1]
2-97957 [98.0, 0, 1, 1, 0]
1-22424 [40.0, 0, 10, 1, 1]
5-57116 [15.5, 0, 10, 0, 1]
8-79161 [96.0, 0, 2, 1, 1]
5-99854 [84.0, 0, 1, 1, 0]
4-44035 [100.0, 0, 2, 0, 1]
2-88087 [30.0, 0, 9, 0, 1]
9-51879 [36.5, 0, 10, 0, 1]
2-14880 [96.0, 0, 2, 1, 1]
7-16591 [37.0, 0, 10, 0, 1]
1-20333 [68.0, 0, 2, 1, 1]
1-94059 [52.0, 0, 7, 1, 1]
9-03632 [43.5, 0, 7, 1, 1]
9-50439 [88.0, 0, 3, 1, 1]
3-61257 [33.5, 0, 9, 1, 1]
2-72252 [46.0, 0, 8, 1, 1]
9-42728 [34.5, 0, 8, 1, 1]
5-65982 [98.0, 0, 1, 1, 0]
6-02194 [98.0, 1, 0, 1, 0]
7-18198 [85.5, 3, 0, 1, 1]
7-51986 [68.0, 0, 2, 0, 1]
1-96203 [-10.5, 0, 16, 1, 1]
4-95835 [100.0, 0, 2, 0, 1]
4-50387 [100.0, 0, 2, 0, 1]
9-42771 [91.5, 0, 3, 1, 1]
7-31380 [100.0, 0, 2, 0, 1]
5-38052 [31.5, 0, 8, 1, 1]
9-98149 [91.5, 0, 3, 1, 1]
2-39648 [-23.0, 0, 16, 0, 1]
3-62127 [100.0, 0, 1, 1, 0]
1-64599 [100.0, 0, 1, 0, 0]
1-91028 [91.5, 0, 3, 1, 1]
1-53520 [100.0, 1, 0, 0, 0]
3-06230 [98.0, 1, 0, 0, 0]
2-96599 [31.0, 0, 8, 1, 1]
1-39215 [96.0, 0, 2, 0, 1]
4-43118 [95.5, 0, 3, 1, 1]
3-28103 [91.5, 0, 3, 1, 1]
4-33337 [100.0, 0, 2, 0, 1]
6-09419 [19.0, 10, 0, 0, 1]
3-12894 [98.0, 0, 1, 1, 0]
2-83063 [91.5, 0, 3, 0, 1]
5-66227 [91.5, 0, 3, 0, 1]
8-89973 [98.0, 0, 1, 0, 0]
4-51902 [96.0, 2, 0, 1, 1]
7-47984 [50.5, 7, 0, 0, 1]
4-89368 [5.0, 0, 13, 0, 1]
8-93384 [68.0, 2, 0, 0, 1]
4-76061 [84.0, 0, 1, 0, 0]
6-56804 [-2.0, 14, 0, 1, 1]
7-44175 [91.5, 0, 3, 1, 1]
9-69167 [38.0, 0, 8, 0, 1]
2-86364 [68.0, 0, 2, 1, 1]
2-58107 [95.5, 0, 3, 0, 1]
4-48377 [-50.0, 0, 20, 0, 1]
5-41771 [95.5, 0, 3, 1, 1]
2-34974 [100.0, 0, 2, 1, 1]
5-96559 [96.0, 0, 2, 0, 1]
3-62973 [96.0, 0, 2, 1, 1]
2-07875 [100.0, 0, 1, 0, 0]
9-18494 [84.0, 1, 0, 1, 0]
4-93583 [100.0, 0, 2, 1, 1]
4-96590 [98.0, 0, 1, 1, 0]
1-37462 [26.5, 0, 9, 1, 1]
7-42693 [68.0, 0, 2, 1, 1]
3-66997 [100.0, 0, 1, 1, 0]
5-03270 [98.0, 0, 1, 1, 0]
8-89043 [38.0, 0, 8, 1, 1]
6-36360 [-37.0, 18, 0, 0, 1]
6-32335 [30.5, 0, 10, 1, 1]
9-74407 [31.5, 0, 11, 0, 1]
5-63374 [43.5, 0, 3, 0, 1]
5-88275 [68.0, 0, 2, 0, 1]
9-65480 [58.5, 0, 6, 1, 1]
1-07880 [91.5, 0, 3, 1, 1]
1-66405 [98.0, 1, 0, 0, 0]
2-78682 [82.5, 0, 3, 1, 1]
7-92316 [100.0, 2, 0, 0, 1]
8-54670 [43.5, 3, 0, 1, 1]
4-63375 [100.0, 0, 2, 1, 1]
6-96874 [100.0, 0, 2, 0, 1]
8-36940 [100.0, 0, 2, 1, 1]
5-28938 [91.5, 3, 0, 1, 1]
8-62779 [50.5, 6, 0, 1, 1]
9-74389 [47.5, 0, 3, 0, 1]
5-87175 [100.0, 0, 2, 1, 1]
5-01726 [47.5, 0, 3, 0, 1]
1-54040 [100.0, 1, 0, 0, 0]
8-46395 [85.5, 3, 0, 1, 1]
6-41068 [-50.5, 0, 20, 1, 1]
6-98130 [100.0, 2, 0, 0, 1]
2-36583 [100.0, 1, 0, 0, 0]
2-51827 [100.0, 1, 0, 1, 0]
8-49898 [43.5, 0, 3, 1, 1]
3-41762 [100.0, 0, 2, 1, 1]
5-79471 [100.0, 2, 0, 1, 1]
3-55059 [84.0, 1, 0, 0, 0]
4-71438 [100.0, 2, 0, 1, 1]
6-46495 [40.0, 3, 0, 0, 1]
7-52828 [43.5, 3, 0, 0, 1]
9-05503 [84.0, 1, 0, 0, 0]
7-14972 [40.5, 9, 0, 0, 1]
6-41904 [88.0, 3, 0, 1, 1]
3-20016 [31.5, 11, 0, 1, 1]
3-18631 [91.5, 3, 0, 1, 1]
3-16800 [-9.5, 15, 0, 1, 1]
5-53218 [68.0, 2, 0, 0, 1]
7-95275 [18.5, 10, 0, 0, 1]
2-89705 [100.0, 2, 0, 0, 1]
8-89680 [50.5, 6, 0, 0, 1]
4-06847 [95.5, 3, 0, 1, 1]
7-57429 [100.0, 1, 0, 1, 0]
3-63469 [50.5, 7, 0, 1, 1]
3-32794 [98.0, 1, 0, 1, 0]
6-56076 [100.0, 1, 0, 1, 0]
9-68803 [100.0, 1, 0, 0, 0]
1-43563 [53.0, 7, 0, 0, 1]
4-62296 [98.0, 1, 0, 0, 0]
6-11874 [100.0, 2, 0, 0, 1]
6-13793 [14.5, 10, 0, 0, 1]
6-41528 [50.0, 6, 0, 1, 1]
6-43721 [100.0, 1, 0, 0, 0]
1-37430 [98.0, 1, 0, 0, 0]
7-65174 [98.0, 1, 0, 0, 0]
9-66096 [100.0, 2, 0, 1, 1]
6-06836 [100.0, 1, 0, 1, 0]
4-05122 [6.0, 14, 0, 0, 1]
7-03013 [96.0, 2, 0, 0, 1]
1-56750 [100.0, 1, 0, 1, 0]
4-59133 [100.0, 1, 0, 1, 0]
2-42648 [29.0, 10, 0, 0, 1]
2-70939 [100.0, 2, 0, 1, 1]
7-40907 [96.0, 2, 0, 1, 1]
4-42584 [-43.5, 20, 0, 1, 1]
5-78674 [-47.0, 19, 0, 0, 1]
8-85386 [84.0, 1, 0, 0, 0]
8-72263 [11.0, 0, 10, 0, 1]
6-22583 [17.0, 12, 0, 1, 1]
9-87885 [100.0, 2, 0, 0, 1]
1-26770 [48.5, 9, 0, 0, 1]
1-95566 [31.5, 8, 0, 1, 1]
6-66621 [-48.5, 19, 0, 1, 1]
4-66722 [43.5, 3, 0, 1, 1]
3-61482 [56.0, 7, 0, 1, 1]
3-62518 [6.0, 14, 0, 0, 1]
7-36320 [98.0, 1, 0, 1, 0]
9-11190 [0.5, 14, 0, 1, 1]
1-74271 [100.0, 2, 0, 1, 1]
7-27680 [100.0, 0, 2, 0, 1]
2-35505 [100.0, 1, 0, 0, 0]
1-63139 [100.0, 2, 0, 1, 1]
3-84646 [-5.5, 15, 0, 1, 1]
2-68553 [96.0, 2, 0, 0, 1]
7-35262 [98.0, 1, 0, 1, 0]
9-95203 [100.0, 2, 0, 1, 1]
7-40805 [91.5, 3, 0, 1, 1]
4-79503 [98.0, 1, 0, 0, 0]
6-24164 [96.0, 2, 0, 0, 1]
2-32197 [-19.0, 14, 0, 1, 1]
7-30675 [33.0, 9, 0, 0, 1]
9-88731 [43.5, 3, 0, 1, 1]
7-98808 [84.0, 1, 0, 1, 0]
3-65461 [100.0, 2, 0, 0, 1]
9-41862 [100.0, 0, 1, 0, 0]
5-00871 [98.0, 0, 1, 1, 0]
3-91699 [40.0, 10, 0, 0, 1]
5-16819 [91.5, 3, 0, 0, 1]
2-27942 [43.5, 0, 3, 1, 1]
7-43396 [0.0, 0, 14, 0, 1]
9-08979 [98.0, 1, 0, 1, 0]
4-98738 [91.5, 3, 0, 0, 1]
4-03541 [-49.5, 19, 0, 0, 1]
6-55877 [100.0, 2, 0, 0, 1]
4-04055 [24.0, 8, 0, 1, 1]
1-84843 [100.0, 2, 0, 1, 1]
8-64200 [61.5, 7, 0, 0, 1]
3-13576 [-46.5, 20, 0, 0, 1]
3-56406 [-40.5, 20, 0, 1, 1]
3-56805 [85.5, 3, 0, 0, 1]
1-19617 [84.0, 1, 0, 1, 0]
2-34302 [100.0, 2, 0, 1, 1]
1-50304 [61.5, 6, 0, 1, 1]
5-69806 [96.0, 2, 0, 1, 1]
8-98023 [-35.0, 19, 0, 0, 1]
8-01823 [53.0, 0, 8, 0, 1]
5-32762 [50.0, 7, 0, 0, 1]
6-62845 [-11.0, 16, 0, 1, 1]
8-75802 [91.5, 3, 0, 1, 1]
1-07199 [14.0, 10, 0, 0, 1]
3-32458 [68.0, 2, 0, 0, 1]
3-85421 [96.0, 2, 0, 0, 1]
5-45991 [-27.0, 0, 16, 0, 1]
3-60533 [-20.5, 16, 0, 1, 1]
6-97899 [14.5, 13, 0, 1, 1]
2-80163 [27.5, 11, 0, 0, 1]
4-98878 [96.0, 2, 0, 1, 1]
4-09314 [-0.5, 14, 0, 0, 1]
7-29268 [96.0, 2, 0, 0, 1]
4-42139 [-25.0, 17, 0, 1, 1]
8-86491 [91.5, 3, 0, 1, 1]
5-32684 [100.0, 2, 0, 0, 1]
1-59173 [84.0, 1, 0, 0, 0]
7-95356 [84.0, 1, 0, 1, 0]
3-91225 [100.0, 2, 0, 0, 1]
1-92829 [96.0, 2, 0, 1, 1]
2-81729 [43.5, 3, 0, 1, 1]
3-67819 [60.0, 6, 0, 1, 1]
7-81754 [100.0, 1, 0, 0, 0]
9-01428 [57.5, 7, 0, 1, 1]
4-84141 [19.0, 0, 10, 0, 1]
8-36938 [43.5, 3, 0, 0, 1]
1-91693 [68.0, 0, 2, 1, 1]
4-44612 [95.5, 3, 0, 0, 1]
6-40466 [100.0, 2, 0, 0, 1]
6-18214 [18.5, 13, 0, 1, 1]
8-13684 [100.0, 0, 1, 1, 0]
7-55389 [100.0, 2, 0, 1, 1]
9-95355 [24.0, 0, 8, 0, 1]
4-20198 [85.5, 0, 3, 0, 1]
9-74495 [68.0, 2, 0, 1, 1]
6-29299 [50.5, 6, 0, 0, 1]
7-95413 [20.5, 10, 0, 0, 1]
9-30975 [84.0, 1, 0, 0, 0]
7-06091 [100.0, 0, 1, 1, 0]
2-82940 [91.5, 3, 0, 0, 1]
2-97002 [57.5, 0, 7, 1, 1]
3-45246 [95.5, 0, 3, 1, 1]
7-98288 [65.0, 0, 6, 0, 1]
1-36673 [33.5, 6, 2, 1, 1]
6-79925 [100.0, 0, 2, 1, 1]
7-24009 [54.0, 0, 6, 1, 1]
7-51159 [95.5, 0, 3, 1, 1]
2-80852 [15.0, 0, 10, 1, 1]
2-28230 [91.5, 0, 3, 0, 1]
2-89646 [38.0, 0, 8, 0, 1]
6-37898 [48.0, 0, 7, 1, 1]
2-36225 [89.5, 0, 3, 1, 1]
5-47755 [100.0, 0, 2, 1, 1]
4-36935 [85.5, 0, 3, 1, 1]
7-38261 [98.0, 0, 1, 0, 0]
6-18191 [-4.5, 0, 13, 0, 1]
5-35803 [8.0, 0, 10, 0, 1]
8-24582 [100.0, 0, 2, 0, 1]
1-98959 [96.0, 0, 2, 0, 1]
7-69327 [91.5, 0, 3, 0, 1]
4-06699 [85.5, 0, 3, 0, 1]
7-30864 [100.0, 0, 1, 0, 0]
6-60835 [100.0, 0, 2, 1, 1]
9-61086 [60.0, 0, 6, 0, 1]
4-54252 [98.0, 0, 1, 0, 0]
5-36727 [21.0, 0, 10, 0, 1]
5-35959 [48.0, 0, 7, 1, 1]
7-93192 [41.5, 0, 8, 0, 1]
4-06820 [88.5, 0, 3, 1, 1]
5-23229 [96.0, 0, 2, 0, 1]
7-68304 [85.5, 0, 3, 0, 1]
3-84091 [100.0, 0, 1, 1, 0]
5-86714 [100.0, 0, 2, 0, 1]
3-03289 [48.0, 0, 8, 0, 1]
1-48533 [100.0, 1, 0, 0, 0]
1-56991 [91.5, 3, 0, 1, 1]
3-64854 [84.0, 1, 0, 0, 0]
8-72580 [46.0, 0, 7, 0, 1]
3-75360 [100.0, 0, 2, 1, 1]
5-51451 [100.0, 2, 0, 0, 1]
7-08191 [96.0, 2, 0, 1, 1]
4-90918 [91.5, 3, 0, 1, 1]
3-57354 [37.0, 3, 0, 1, 1]
3-94661 [91.5, 0, 3, 0, 1]
9-38809 [-43.5, 20, 0, 1, 1]
9-19448 [38.5, 7, 0, 1, 1]
7-26537 [98.0, 1, 0, 1, 0]
6-88065 [96.0, 0, 2, 1, 1]
3-62990 [85.5, 3, 0, 1, 1]
2-23007 [25.0, 11, 0, 1, 1]
1-13556 [45.0, 0, 8, 0, 1]
4-91089 [68.0, 2, 0, 0, 1]
2-86126 [98.0, 1, 0, 1, 0]
1-24607 [91.5, 0, 3, 1, 1]
4-30970 [82.5, 0, 3, 0, 1]
3-33517 [18.5, 10, 0, 0, 1]
8-40975 [20.5, 0, 9, 1, 1]
3-21529 [100.0, 0, 2, 0, 1]
3-23276 [33.5, 8, 0, 1, 1]
6-10338 [100.0, 0, 2, 1, 1]
3-79676 [100.0, 2, 0, 1, 1]
4-93556 [-5.0, 14, 0, 1, 1]
4-51660 [100.0, 2, 0, 0, 1]
3-45662 [91.5, 0, 3, 0, 1]
6-00596 [18.5, 10, 0, 1, 1]
4-96137 [68.0, 2, 0, 0, 1]
7-08289 [100.0, 0, 2, 1, 1]
6-27436 [85.5, 3, 0, 1, 1]
2-91923 [100.0, 1, 0, 0, 0]
4-88195 [-28.5, 19, 0, 1, 1]
6-36020 [12.0, 13, 0, 1, 1]
5-77632 [85.5, 3, 0, 1, 1]
1-31086 [91.5, 0, 3, 1, 1]
3-10144 [84.0, 0, 1, 0, 0]
4-15178 [91.5, 3, 0, 1, 1]
2-95504 [100.0, 0, 1, 1, 0]
9-65220 [61.5, 0, 6, 1, 1]
4-02198 [91.5, 3, 0, 1, 1]
3-45786 [91.5, 3, 0, 0, 1]
9-16222 [68.0, 2, 0, 0, 1]
3-42724 [47.5, 3, 0, 1, 1]
8-57118 [43.5, 3, 0, 0, 1]
7-27330 [98.0, 1, 0, 1, 0]
6-76643 [89.5, 3, 0, 0, 1]
1-69880 [96.0, 2, 0, 1, 1]
1-31691 [84.0, 1, 0, 1, 0]
2-91971 [91.5, 3, 0, 0, 1]
4-48246 [33.5, 0, 8, 0, 1]
6-29136 [100.0, 2, 0, 1, 1]
1-09145 [100.0, 1, 0, 1, 0]
1-43339 [27.5, 8, 0, 0, 1]
4-09289 [82.5, 3, 0, 0, 1]
2-99833 [100.0, 1, 0, 0, 0]
6-38064 [36.5, 0, 10, 0, 1]
9-91806 [100.0, 1, 0, 1, 0]
7-93643 [4.0, 10, 0, 1, 1]
2-41512 [96.0, 2, 0, 1, 1]
7-57056 [96.0, 0, 2, 1, 1]
2-93406 [91.5, 3, 0, 1, 1]
1-57185 [-15.5, 16, 0, 0, 1]
1-81905 [-4.5, 13, 0, 0, 1]
6-95919 [14.5, 10, 0, 1, 1]
8-23358 [100.0, 1, 0, 1, 0]
8-99680 [98.0, 1, 0, 0, 0]
9-59596 [100.0, 1, 0, 0, 0]
4-14263 [5.5, 15, 0, 1, 1]
5-26339 [100.0, 2, 0, 0, 1]
8-30365 [-5.5, 15, 0, 0, 1]
2-87455 [43.5, 3, 0, 1, 1]
5-13815 [100.0, 1, 0, 1, 0]
7-05168 [98.0, 1, 0, 1, 0]
4-72007 [85.5, 3, 0, 0, 1]
3-25598 [-31.5, 18, 0, 1, 1]
3-22858 [11.0, 10, 0, 1, 1]
8-07270 [96.0, 2, 0, 1, 1]
7-78792 [96.0, 2, 0, 1, 1]
7-04908 [98.0, 1, 0, 0, 0]
3-51318 [100.0, 1, 0, 0, 0]
4-08141 [100.0, 1, 0, 1, 0]
1-92465 [68.0, 2, 0, 1, 1]
3-59220 [19.5, 12, 0, 1, 1]
2-49677 [100.0, 1, 0, 0, 0]
6-38069 [45.5, 7, 0, 1, 1]
3-55500 [89.5, 3, 0, 1, 1]
2-67491 [100.0, 2, 0, 1, 1]
5-69002 [100.0, 1, 0, 0, 0]
3-47202 [68.0, 2, 0, 0, 1]
6-97939 [100.0, 0, 1, 0, 0]
1-04295 [54.0, 8, 0, 0, 1]
1-79914 [47.5, 3, 0, 1, 1]
6-85368 [52.5, 7, 0, 1, 1]
7-22217 [100.0, 1, 0, 1, 0]
7-59952 [24.0, 10, 0, 0, 1]
2-57021 [43.5, 3, 0, 1, 1]
5-50100 [43.5, 3, 0, 1, 1]
2-05672 [96.0, 2, 0, 0, 1]
4-95770 [91.5, 3, 0, 0, 1]
4-10253 [100.0, 1, 0, 1, 0]
3-82889 [-32.5, 19, 0, 0, 1]
9-06208 [100.0, 2, 0, 1, 1]
2-46426 [64.5, 6, 0, 0, 1]
3-99936 [46.0, 7, 0, 1, 1]
3-46891 [58.5, 6, 0, 0, 1]
1-57638 [91.5, 3, 0, 0, 1]
9-03617 [52.5, 7, 0, 1, 1]
9-68990 [47.5, 3, 0, 0, 1]
3-29314 [8.0, 13, 0, 0, 1]
2-77000 [33.0, 10, 0, 0, 1]
5-70973 [79.0, 3, 0, 0, 1]
2-73458 [85.5, 3, 0, 1, 1]
5-96692 [95.5, 3, 0, 0, 1]
5-39358 [25.0, 11, 0, 0, 1]
1-08134 [17.5, 10, 0, 0, 1]
7-33964 [96.0, 2, 0, 0, 1]
7-94521 [100.0, 1, 0, 1, 0]
2-09923 [91.5, 3, 0, 0, 1]
5-06145 [68.0, 2, 0, 0, 1]
9-10376 [85.5, 3, 0, 0, 1]
9-35222 [100.0, 1, 0, 1, 0]
5-36762 [100.0, 0, 2, 1, 1]
4-99627 [68.0, 0, 2, 1, 1]
3-51783 [100.0, 0, 1, 1, 0]
9-33664 [91.5, 3, 0, 0, 1]
1-97781 [96.0, 2, 0, 0, 1]
8-20192 [96.0, 2, 0, 1, 1]
1-74850 [91.5, 3, 0, 0, 1]
9-11687 [100.0, 2, 0, 0, 1]
8-70239 [-3.5, 14, 0, 0, 1]
5-63568 [84.0, 1, 0, 1, 0]
5-90938 [91.5, 3, 0, 1, 1]
9-98653 [100.0, 2, 0, 0, 1]
6-30541 [84.0, 1, 0, 1, 0]
5-21228 [100.0, 2, 0, 1, 1]
6-94989 [100.0, 2, 0, 0, 1]
9-40101 [91.5, 3, 0, 0, 1]
7-72617 [41.5, 8, 0, 0, 1]
6-73688 [82.5, 3, 0, 0, 1]
9-88583 [68.0, 2, 0, 1, 1]
8-78708 [96.0, 0, 2, 1, 1]
3-32883 [16.5, 0, 12, 1, 1]
3-16353 [100.0, 2, 0, 0, 1]
2-01662 [91.5, 3, 0, 1, 1]
2-52411 [98.0, 1, 0, 1, 0]
8-07897 [84.0, 1, 0, 0, 0]
7-82546 [100.0, 1, 0, 1, 0]
5-23657 [68.0, 0, 2, 1, 1]
2-86807 [85.5, 3, 0, 1, 1]
1-47554 [95.5, 3, 0, 1, 1]
2-40126 [64.0, 6, 0, 0, 1]
4-10329 [12.5, 0, 10, 0, 1]
4-80308 [100.0, 0, 2, 0, 1]
1-90118 [56.5, 7, 0, 1, 1]
5-11709 [84.0, 0, 1, 1, 0]
6-05058 [40.0, 0, 10, 1, 1]
2-56161 [68.0, 2, 0, 1, 1]
5-65964 [96.0, 0, 2, 0, 1]
9-66800 [43.5, 3, 0, 1, 1]
6-98748 [100.0, 2, 0, 0, 1]
2-53413 [29.5, 0, 9, 1, 1]
8-43774 [-29.5, 18, 0, 1, 1]
6-24705 [19.0, 0, 10, 0, 1]
5-62131 [96.0, 2, 0, 1, 1]
7-70297 [86.5, 0, 3, 0, 1]
9-83227 [91.5, 3, 0, 0, 1]
9-11245 [96.0, 2, 0, 1, 1]
1-13074 [100.0, 1, 0, 1, 0]
4-95436 [68.0, 0, 2, 0, 1]
2-96734 [96.0, 0, 2, 0, 1]
2-38857 [42.5, 2, 5, 1, 1]
9-66872 [27.5, 10, 0, 0, 1]
6-32484 [68.0, 2, 0, 1, 1]
1-72321 [25.0, 11, 0, 0, 1]
3-05894 [68.0, 6, 0, 0, 1]
6-76425 [100.0, 2, 0, 1, 1]
5-07550 [88.5, 0, 3, 1, 1]
4-73854 [30.0, 0, 9, 1, 1]
5-48474 [100.0, 0, 1, 0, 0]
8-79068 [100.0, 2, 0, 1, 1]
4-20361 [96.0, 0, 2, 1, 1]
8-94196 [41.5, 0, 8, 1, 1]
7-95873 [98.0, 0, 1, 1, 0]
6-80863 [100.0, 2, 0, 1, 1]
2-06489 [43.5, 3, 0, 1, 1]
8-66948 [98.0, 1, 0, 0, 0]
4-21622 [-15.5, 15, 0, 1, 1]
3-46204 [85.5, 0, 3, 1, 1]
2-93295 [45.5, 9, 0, 1, 1]
9-31277 [70.0, 6, 0, 0, 1]
1-15519 [100.0, 0, 1, 0, 0]
8-41167 [62.5, 6, 0, 1, 1]
6-19434 [91.5, 0, 3, 0, 1]
1-24025 [91.5, 0, 3, 0, 1]
4-28021 [100.0, 0, 1, 1, 0]
3-71629 [100.0, 2, 0, 1, 1]
4-73152 [-49.0, 20, 0, 1, 1]
4-57328 [91.5, 0, 3, 1, 1]
2-09695 [98.0, 1, 0, 0, 0]
9-81916 [98.0, 0, 1, 0, 0]
2-18989 [85.5, 0, 3, 1, 1]
8-67833 [91.5, 0, 3, 1, 1]
9-24229 [100.0, 0, 2, 0, 1]
2-33770 [-31.5, 19, 0, 1, 1]
5-76410 [11.5, 0, 13, 0, 1]
7-94583 [84.0, 0, 1, 1, 0]
9-32493 [12.5, 0, 10, 1, 1]
7-01030 [71.0, 0, 6, 1, 1]
5-41636 [91.5, 0, 3, 1, 1]
7-45975 [-22.0, 0, 17, 0, 1]
5-13518 [100.0, 0, 1, 1, 0]
9-61504 [96.0, 0, 2, 0, 1]
1-06623 [43.5, 0, 3, 0, 1]
9-15181 [91.5, 0, 3, 0, 1]
7-35650 [68.0, 0, 2, 1, 1]
5-40755 [18.5, 0, 10, 0, 1]
2-08081 [-4.0, 0, 15, 1, 1]
3-64790 [-22.5, 0, 17, 0, 1]
1-82624 [91.5, 0, 3, 0, 1]
3-62504 [64.0, 0, 6, 0, 1]
2-38079 [85.5, 0, 3, 1, 1]
8-32757 [68.0, 0, 2, 1, 1]
5-08517 [100.0, 0, 2, 0, 1]
8-89598 [11.5, 0, 10, 1, 1]
9-79346 [53.5, 0, 8, 1, 1]
2-19907 [68.0, 0, 2, 0, 1]
1-45263 [68.0, 0, 2, 1, 1]
3-57952 [100.0, 0, 2, 0, 1]
3-36176 [50.0, 0, 7, 1, 1]
7-15121 [100.0, 0, 2, 0, 1]
5-79711 [7.5, 0, 14, 0, 1]
7-57569 [100.0, 0, 1, 0, 0]
8-34449 [98.0, 0, 1, 0, 0]
8-41875 [98.0, 0, 1, 0, 0]
2-51862 [91.5, 0, 3, 0, 1]
9-97880 [23.5, 1, 8, 0, 1]
6-24030 [100.0, 0, 2, 1, 1]
5-81276 [-25.0, 17, 0, 0, 1]
4-05885 [41.5, 7, 0, 1, 1]
1-70645 [82.5, 3, 0, 0, 1]
2-36603 [40.0, 10, 0, 0, 1]
4-37727 [43.5, 3, 0, 1, 1]
3-78275 [89.5, 3, 0, 1, 1]
2-20882 [85.5, 3, 0, 1, 1]
7-16113 [68.0, 2, 0, 0, 1]
7-38557 [100.0, 2, 0, 0, 1]
8-13707 [100.0, 2, 0, 1, 1]
7-11937 [98.0, 1, 0, 0, 0]
5-56436 [68.0, 2, 0, 1, 1]
4-25771 [100.0, 2, 0, 0, 1]
6-34524 [85.5, 3, 0, 1, 1]
1-57046 [41.5, 8, 0, 1, 1]
2-82135 [43.5, 3, 0, 1, 1]
7-19902 [85.5, 3, 0, 0, 1]
8-73482 [23.0, 9, 0, 1, 1]
4-87170 [54.0, 7, 0, 1, 1]
4-84440 [-54.0, 20, 0, 0, 1]
1-12615 [85.5, 3, 0, 0, 1]
7-66837 [30.5, 10, 0, 0, 1]
7-84695 [98.0, 1, 0, 0, 0]
8-79556 [-26.5, 18, 0, 1, 1]
9-11600 [91.5, 3, 0, 1, 1]
3-77124 [3.0, 14, 0, 1, 1]
2-04842 [47.5, 3, 0, 1, 1]
7-20649 [8.0, 10, 0, 0, 1]
3-71074 [100.0, 1, 0, 1, 0]
6-57109 [74.0, 6, 0, 0, 1]
7-83511 [14.5, 13, 0, 1, 1]
8-44604 [-61.5, 20, 0, 1, 1]
1-54953 [96.0, 2, 0, 1, 1]
4-53978 [95.5, 3, 0, 0, 1]
9-16557 [91.5, 3, 0, 0, 1]
9-38640 [100.0, 1, 0, 1, 0]
1-34354 [91.5, 3, 0, 1, 1]
4-86997 [29.5, 9, 0, 1, 1]
3-08506 [100.0, 1, 0, 0, 0]
4-04375 [68.0, 2, 0, 1, 1]
5-07244 [96.0, 2, 0, 1, 1]
7-60041 [43.5, 3, 0, 1, 1]
8-35505 [63.0, 6, 0, 0, 1]
9-66864 [85.5, 3, 0, 1, 1]
9-36269 [84.0, 1, 0, 1, 0]
4-88597 [43.5, 3, 0, 1, 1]
2-80841 [47.5, 3, 0, 0, 1]
8-80612 [84.0, 1, 0, 0, 0]
2-65144 [82.5, 3, 0, 1, 1]
6-69283 [43.5, 3, 0, 1, 1]
8-81671 [100.0, 2, 0, 1, 1]
7-17619 [-6.5, 16, 0, 0, 1]
7-96114 [100.0, 1, 0, 0, 0]
2-14553 [43.5, 3, 0, 1, 1]
4-50185 [88.0, 3, 0, 1, 1]
2-65621 [100.0, 1, 0, 1, 0]
3-75317 [100.0, 1, 0, 0, 0]
8-63003 [100.0, 2, 0, 1, 1]
7-37808 [68.0, 2, 0, 0, 1]
1-86468 [91.5, 3, 0, 1, 1]
9-29920 [84.0, 1, 0, 0, 0]
8-79826 [100.0, 1, 0, 1, 0]
1-68275 [-5.5, 15, 0, 1, 1]
2-71322 [85.0, 3, 0, 0, 1]
4-53014 [68.0, 2, 0, 0, 1]
3-78517 [-48.5, 20, 0, 0, 1]
3-70894 [100.0, 1, 0, 1, 0]
4-60948 [96.0, 2, 0, 0, 1]
2-84017 [68.0, 2, 0, 1, 1]
1-28854 [85.5, 3, 0, 1, 1]
7-96547 [12.0, 10, 0, 1, 1]
6-05494 [98.0, 1, 0, 1, 0]
5-92444 [60.0, 6, 0, 1, 1]
3-96555 [84.0, 1, 0, 0, 0]
6-69549 [84.0, 1, 0, 0, 0]
5-23319 [84.0, 1, 0, 0, 0]
9-52825 [100.0, 1, 0, 1, 0]
9-21407 [100.0, 2, 0, 0, 1]
5-37266 [96.0, 2, 0, 1, 1]
4-27165 [91.5, 3, 0, 0, 1]
9-37325 [41.0, 3, 0, 1, 1]
8-37948 [100.0, 1, 0, 0, 0]
1-74308 [43.5, 3, 0, 1, 1]
5-64985 [96.0, 2, 0, 1, 1]
7-79734 [84.0, 1, 0, 0, 0]
4-02870 [89.5, 3, 0, 1, 1]
3-22568 [42.0, 9, 0, 0, 1]
1-10214 [82.5, 3, 0, 0, 1]
4-50630 [91.5, 3, 0, 1, 1]
5-37496 [95.5, 3, 0, 0, 1]
9-81591 [96.0, 2, 0, 0, 1]
8-33812 [91.5, 3, 0, 1, 1]
7-60422 [82.5, 3, 0, 1, 1]
2-73967 [100.0, 1, 0, 0, 0]
7-21196 [100.0, 2, 0, 1, 1]
8-91008 [43.5, 3, 0, 1, 1]
1-30866 [91.5, 3, 0, 1, 1]
5-03844 [100.0, 1, 0, 0, 0]
8-48078 [100.0, 1, 0, 0, 0]
9-65850 [23.0, 12, 0, 1, 1]
1-79390 [28.0, 8, 0, 0, 1]
1-45276 [43.5, 3, 0, 0, 1]
5-84132 [95.5, 3, 0, 1, 1]
5-84532 [7.5, 12, 0, 0, 1]
8-97702 [-16.5, 15, 0, 1, 1]
3-30839 [43.5, 3, 0, 0, 1]
3-07344 [61.0, 6, 0, 1, 1]
8-32670 [-41.0, 20, 0, 0, 1]
4-54893 [57.0, 6, 0, 0, 1]
2-02170 [91.5, 3, 0, 0, 1]
1-26420 [100.0, 1, 0, 1, 0]
2-59609 [85.5, 3, 0, 1, 1]
6-52875 [3.0, 14, 0, 1, 1]
4-18238 [96.0, 2, 0, 1, 1]
2-24831 [6.0, 14, 0, 0, 1]
1-16042 [98.0, 1, 0, 1, 0]
9-64327 [11.0, 10, 0, 0, 1]
2-28870 [-35.5, 17, 0, 1, 1]
7-22912 [47.5, 3, 0, 0, 1]
5-43999 [100.0, 2, 0, 0, 1]
8-65307 [38.5, 8, 0, 1, 1]
3-41513 [-28.0, 18, 0, 1, 1]
6-55384 [100.0, 2, 0, 0, 1]
7-37954 [96.0, 2, 0, 1, 1]
3-53915 [58.5, 6, 0, 1, 1]
7-58994 [33.5, 8, 0, 1, 1]
8-93756 [27.0, 9, 0, 0, 1]
7-18729 [91.5, 3, 0, 1, 1]
9-66960 [100.0, 1, 0, 1, 0]
5-10012 [24.5, 8, 0, 1, 1]
6-76447 [100.0, 2, 0, 1, 1]
6-46418 [91.5, 0, 3, 0, 1]
3-02702 [100.0, 0, 1, 1, 0]
6-87636 [100.0, 0, 1, 0, 0]
2-08788 [85.5, 3, 0, 1, 1]
5-63824 [98.0, 1, 0, 0, 0]
6-96610 [84.0, 0, 1, 1, 0]
7-19497 [100.0, 2, 0, 0, 1]
3-63069 [26.5, 0, 9, 1, 1]
8-00659 [100.0, 0, 2, 0, 1]
4-62132 [100.0, 2, 0, 0, 1]
8-94077 [10.0, 0, 14, 0, 1]
5-98021 [14.5, 13, 0, 1, 1]
3-40469 [100.0, 1, 0, 0, 0]
2-41568 [52.0, 7, 0, 1, 1]
3-52532 [68.0, 0, 2, 1, 1]
6-33412 [100.0, 0, 2, 0, 1]
2-76195 [100.0, 2, 0, 0, 1]
9-28690 [68.0, 0, 2, 0, 1]
6-16045 [41.5, 0, 8, 0, 1]
2-14262 [20.5, 0, 9, 1, 1]
4-16969 [91.5, 0, 3, 1, 1]
4-24457 [68.0, 2, 0, 1, 1]
6-02935 [100.0, 0, 1, 0, 0]
7-28981 [57.0, 6, 0, 0, 1]
4-51646 [100.0, 1, 0, 1, 0]
3-29127 [100.0, 0, 2, 0, 1]
7-03929 [39.0, 7, 0, 0, 1]
8-95621 [91.5, 3, 0, 0, 1]
6-83413 [100.0, 1, 0, 0, 0]
6-80165 [100.0, 0, 1, 0, 0]
8-31164 [88.5, 0, 3, 1, 1]
6-91139 [100.0, 0, 2, 0, 1]
6-43268 [91.5, 0, 3, 1, 1]
1-21298 [100.0, 0, 2, 0, 1]
3-17121 [100.0, 0, 2, 1, 1]
5-50881 [4.5, 0, 13, 1, 1]
3-78907 [100.0, 0, 2, 1, 1]
6-75619 [53.5, 6, 0, 0, 1]
5-17287 [100.0, 0, 2, 0, 1]
3-66423 [100.0, 1, 0, 1, 0]
7-10520 [98.0, 0, 1, 1, 0]
9-06115 [84.0, 0, 1, 0, 0]
3-27525 [100.0, 2, 0, 0, 1]
3-56558 [85.5, 0, 3, 0, 1]
6-08301 [43.5, 0, 3, 0, 1]
1-27113 [10.5, 14, 0, 0, 1]
7-80483 [98.0, 1, 0, 1, 0]
1-98108 [11.5, 0, 10, 1, 1]
8-85410 [44.5, 0, 3, 0, 1]
3-17794 [98.0, 0, 1, 0, 0]
1-91606 [91.5, 3, 0, 1, 1]
4-17861 [68.0, 0, 2, 0, 1]
5-39543 [68.0, 0, 2, 1, 1]
6-84468 [40.0, 7, 3, 1, 1]
8-26495 [43.5, 0, 3, 0, 1]
4-46766 [96.0, 0, 2, 0, 1]
4-91462 [22.5, 0, 9, 1, 1]
1-08501 [98.0, 0, 1, 0, 0]
2-03901 [91.5, 0, 3, 0, 1]
6-00177 [24.0, 10, 0, 0, 1]
8-00623 [98.0, 0, 1, 1, 0]
2-52205 [96.0, 0, 2, 0, 1]
3-71930 [96.0, 0, 2, 1, 1]
6-86799 [96.0, 0, 2, 0, 1]
8-01204 [100.0, 0, 2, 1, 1]
7-00293 [100.0, 0, 1, 0, 0]
9-74312 [95.5, 0, 3, 0, 1]
4-91864 [68.0, 2, 0, 1, 1]
2-51446 [100.0, 0, 2, 0, 1]
7-56115 [-27.0, 0, 18, 0, 1]
1-90163 [100.0, 0, 2, 1, 1]
8-51972 [100.0, 0, 1, 1, 0]
4-97984 [-56.5, 0, 20, 1, 1]
7-15588 [45.5, 0, 7, 1, 1]
4-25405 [96.0, 0, 2, 0, 1]
7-96371 [91.5, 0, 3, 1, 1]
6-75996 [98.0, 0, 1, 0, 0]
7-57182 [84.0, 0, 1, 1, 0]
7-95128 [100.0, 0, 1, 0, 0]
3-41281 [100.0, 0, 2, 0, 1]
5-07672 [57.0, 0, 8, 0, 1]
2-27361 [100.0, 0, 2, 1, 1]
9-74957 [43.5, 0, 3, 0, 1]
9-56248 [33.5, 0, 10, 1, 1]
1-00000 [98.0, 0, 1, 0, 0]
9-30773 [91.5, 3, 0, 0, 1]
5-20073 [88.5, 0, 3, 0, 1]
3-69466 [100.0, 0, 2, 0, 1]
8-12392 [98.0, 1, 0, 0, 0]
2-76435 [5.0, 0, 13, 1, 1]
5-71255 [91.5, 3, 0, 1, 1]
1-10079 [26.5, 0, 9, 0, 1]
4-15469 [100.0, 0, 2, 0, 1]
6-85325 [100.0, 2, 0, 0, 1]
3-40283 [57.0, 0, 8, 0, 1]
1-82411 [91.5, 3, 0, 1, 1]
7-67322 [46.5, 7, 0, 1, 1]
1-54820 [95.5, 0, 3, 0, 1]
9-72536 [5.0, 0, 13, 0, 1]
3-87697 [68.0, 2, 0, 1, 1]
3-61599 [-37.5, 2, 16, 1, 1]
1-20558 [100.0, 0, 1, 0, 0]
6-19034 [100.0, 1, 0, 1, 0]
9-76787 [100.0, 2, 0, 1, 1]
5-34057 [96.0, 2, 0, 1, 1]
3-20793 [98.0, 1, 0, 0, 0]
6-22787 [85.5, 3, 0, 0, 1]
7-66325 [56.5, 7, 0, 1, 1]
6-59771 [100.0, 1, 0, 0, 0]
6-99816 [43.5, 3, 0, 0, 1]
5-01515 [100.0, 1, 0, 0, 0]
7-16455 [91.5, 3, 0, 1, 1]
2-93659 [98.0, 1, 0, 0, 0]
8-82659 [74.0, 6, 0, 1, 1]
5-91955 [68.0, 2, 0, 1, 1]
1-35182 [43.5, 3, 0, 0, 1]
6-16100 [98.0, 1, 0, 1, 0]
5-46814 [7.5, 10, 0, 1, 1]
5-36277 [100.0, 2, 0, 0, 1]
1-84185 [68.0, 2, 0, 1, 1]
9-26468 [-53.5, 20, 0, 0, 1]
9-03701 [33.5, 10, 0, 1, 1]
4-52110 [100.0, 2, 0, 1, 1]
4-88890 [44.5, 3, 0, 0, 1]
2-57040 [91.5, 3, 0, 0, 1]
5-72981 [88.5, 3, 0, 1, 1]
6-71959 [-26.5, 18, 0, 0, 1]
2-97620 [100.0, 1, 0, 0, 0]
4-81009 [100.0, 2, 0, 1, 1]
2-53284 [43.5, 3, 0, 0, 1]
1-83403 [91.5, 3, 0, 0, 1]
5-78293 [96.0, 2, 0, 0, 1]
6-49948 [11.0, 10, 0, 0, 1]
7-72800 [95.5, 3, 0, 1, 1]
9-29887 [43.5, 3, 0, 0, 1]
4-23678 [4.5, 10, 0, 1, 1]
4-86806 [100.0, 1, 0, 1, 0]
1-92520 [100.0, 1, 0, 1, 0]
9-30594 [91.5, 3, 0, 0, 1]
2-27696 [40.0, 10, 0, 0, 1]
9-14573 [-32.0, 17, 0, 1, 1]
7-89615 [91.5, 3, 0, 1, 1]
7-61398 [84.0, 1, 0, 1, 0]
7-31770 [84.0, 1, 0, 1, 0]
9-14338 [92.5, 3, 0, 1, 1]
8-49027 [43.5, 3, 0, 1, 1]
7-71382 [96.0, 2, 0, 1, 1]
2-99860 [100.0, 1, 0, 0, 0]
2-13308 [-49.5, 19, 0, 1, 1]
5-96524 [100.0, 1, 0, 0, 0]
6-80182 [91.5, 3, 0, 0, 1]
2-15161 [10.0, 14, 0, 1, 1]
8-90142 [100.0, 2, 0, 1, 1]
7-62868 [43.5, 3, 0, 1, 1]
3-63296 [100.0, 2, 0, 1, 1]
1-11967 [5.0, 10, 0, 1, 1]
6-69898 [100.0, 1, 0, 1, 0]
1-73810 [-18.0, 15, 0, 0, 1]
5-32453 [25.0, 10, 0, 1, 1]
2-97448 [91.5, 3, 0, 1, 1]
7-86928 [43.5, 3, 0, 0, 1]
5-63726 [41.5, 8, 0, 0, 1]
8-13582 [47.5, 8, 0, 1, 1]
6-49313 [33.0, 9, 0, 1, 1]
8-74408 [68.0, 2, 0, 0, 1]
4-05021 [59.0, 7, 0, 1, 1]
6-23745 [40.0, 3, 0, 1, 1]
6-39476 [91.5, 3, 0, 1, 1]
7-01616 [100.0, 1, 0, 0, 0]
2-40584 [98.0, 1, 0, 1, 0]
2-48387 [100.0, 1, 0, 0, 0]
3-85688 [100.0, 1, 0, 1, 0]
5-50385 [91.5, 3, 0, 0, 1]
3-76046 [-23.0, 17, 0, 1, 1]
2-70147 [2.0, 13, 0, 1, 1]
2-91947 [98.0, 1, 0, 1, 0]
1-40529 [96.0, 2, 0, 1, 1]
4-72046 [84.0, 1, 0, 1, 0]
1-44369 [15.0, 10, 0, 0, 1]
6-26908 [84.0, 1, 0, 0, 0]
4-05220 [-59.5, 20, 0, 1, 1]
6-31585 [43.5, 3, 0, 0, 1]
7-65139 [96.0, 2, 0, 0, 1]
3-23457 [84.0, 1, 0, 0, 0]
2-89725 [91.5, 3, 0, 1, 1]
2-44249 [100.0, 2, 0, 1, 1]
6-77979 [67.0, 6, 0, 0, 1]
5-07805 [100.0, 2, 0, 0, 1]
6-87783 [68.0, 2, 0, 0, 1]
5-82936 [15.0, 10, 0, 0, 1]
4-09472 [96.0, 2, 0, 1, 1]
4-04549 [85.5, 3, 0, 1, 1]
6-84978 [85.0, 3, 0, 1, 1]
2-50775 [100.0, 2, 0, 1, 1]
1-49841 [100.0, 1, 0, 1, 0]
4-04313 [88.5, 3, 0, 0, 1]
8-25880 [91.5, 3, 0, 0, 1]
4-63959 [-41.5, 19, 0, 0, 1]
1-62424 [96.0, 2, 0, 1, 1]
9-76761 [-8.5, 15, 0, 1, 1]
7-52289 [-12.0, 15, 0, 1, 1]
3-27726 [88.5, 3, 0, 0, 1]
4-93116 [28.0, 11, 0, 0, 1]
8-05946 [39.0, 8, 0, 0, 1]
6-00759 [2.0, 15, 0, 1, 1]
5-04364 [43.5, 3, 0, 1, 1]
5-26513 [100.0, 1, 0, 0, 0]
8-51947 [100.0, 1, 0, 0, 0]
5-13699 [100.0, 1, 0, 0, 0]
6-94008 [24.5, 10, 0, 1, 1]
4-45533 [98.0, 1, 0, 1, 0]
3-57185 [84.0, 1, 0, 0, 0]
6-93781 [43.5, 3, 0, 1, 1]
6-66725 [23.0, 10, 0, 0, 1]
1-97045 [96.0, 2, 0, 0, 1]
4-66010 [41.0, 3, 0, 1, 1]
4-22693 [10.0, 14, 0, 0, 1]
7-69945 [84.0, 1, 0, 0, 0]
6-68552 [-19.5, 17, 0, 1, 1]
7-87198 [100.0, 1, 0, 0, 0]
8-50936 [56.5, 6, 0, 0, 1]
2-74844 [36.5, 10, 0, 0, 1]
6-49975 [100.0, 1, 0, 1, 0]
9-52359 [43.5, 3, 0, 1, 1]
3-34234 [100.0, 1, 0, 0, 0]
1-32010 [95.5, 0, 3, 1, 1]
3-11216 [84.0, 1, 0, 0, 0]
2-70310 [28.0, 8, 0, 1, 1]
5-43023 [38.0, 8, 0, 1, 1]
5-87635 [96.0, 2, 0, 1, 1]
6-79441 [85.5, 3, 0, 0, 1]
2-51630 [100.0, 1, 0, 0, 0]
1-43672 [85.5, 3, 0, 0, 1]
8-09029 [100.0, 1, 0, 0, 0]
7-93806 [85.0, 3, 0, 0, 1]
4-18257 [54.0, 6, 0, 1, 1]
1-46019 [100.0, 2, 0, 0, 1]
6-11781 [96.0, 2, 0, 1, 1]
9-45109 [-7.0, 16, 0, 1, 1]
2-93480 [43.5, 3, 0, 1, 1]
4-27430 [1.5, 13, 0, 1, 1]
2-11266 [100.0, 1, 0, 1, 0]
9-19139 [68.0, 2, 0, 1, 1]
7-27653 [61.5, 6, 0, 1, 1]
5-56258 [96.0, 2, 0, 0, 1]
8-75828 [57.0, 8, 0, 1, 1]
5-22726 [68.0, 2, 0, 1, 1]
2-42879 [100.0, 1, 0, 1, 0]
5-17082 [91.5, 0, 3, 0, 1]
9-60818 [98.0, 1, 0, 1, 0]
7-02033 [19.0, 0, 10, 1, 1]
7-39406 [-12.0, 0, 15, 1, 1]
1-51621 [68.0, 0, 2, 1, 1]
1-54523 [100.0, 1, 0, 0, 0]
5-43544 [-28.0, 18, 0, 0, 1]
2-06739 [84.0, 0, 1, 1, 0]
8-03709 [65.5, 7, 0, 1, 1]
5-59432 [-12.5, 14, 0, 1, 1]
6-63480 [100.0, 0, 2, 0, 1]
3-39316 [95.5, 3, 0, 0, 1]
8-75009 [-11.0, 0, 16, 0, 1]
4-80639 [66.0, 0, 6, 1, 1]
2-74528 [43.5, 0, 3, 0, 1]
1-83667 [100.0, 1, 0, 0, 0]
4-54918 [-50.5, 20, 0, 0, 1]
7-82969 [56.5, 6, 0, 1, 1]
9-37454 [16.5, 10, 0, 0, 1]
2-80368 [91.5, 3, 0, 1, 1]
8-69153 [-2.5, 0, 15, 1, 1]
6-03954 [89.5, 0, 3, 0, 1]
3-43803 [18.0, 4, 6, 1, 1]
5-99602 [84.0, 0, 1, 1, 0]
2-38221 [84.0, 0, 1, 0, 0]
3-12120 [95.5, 0, 3, 1, 1]
2-74794 [68.0, 0, 2, 0, 1]
3-62945 [85.5, 0, 3, 1, 1]
9-76717 [47.5, 0, 3, 1, 1]
8-71163 [20.0, 0, 12, 1, 1]
1-60632 [98.0, 0, 1, 1, 0]
5-29060 [-12.0, 0, 15, 1, 1]
1-79086 [91.5, 0, 3, 1, 1]
4-46402 [43.5, 0, 3, 1, 1]
4-84465 [43.5, 0, 3, 0, 1]
7-45935 [98.0, 0, 1, 1, 0]
2-90255 [98.0, 1, 0, 0, 0]
3-48003 [68.0, 2, 0, 1, 1]
9-54062 [96.0, 2, 0, 1, 1]
1-43934 [91.5, 3, 0, 1, 1]
2-97178 [48.5, 0, 7, 1, 1]
1-59824 [40.5, 3, 0, 1, 1]
5-87822 [-7.0, 15, 0, 1, 1]
4-29433 [85.0, 3, 0, 0, 1]
2-94005 [95.5, 3, 0, 1, 1]
1-29946 [64.0, 0, 6, 1, 1]
3-68944 [16.5, 0, 12, 1, 1]
5-15533 [100.0, 2, 0, 0, 1]
6-10274 [91.5, 3, 0, 1, 1]
5-73656 [48.0, 0, 8, 0, 1]
5-74164 [91.5, 0, 3, 1, 1]
3-88658 [10.0, 14, 0, 0, 1]
1-82393 [100.0, 2, 0, 0, 1]
6-89606 [14.5, 0, 10, 1, 1]
1-59460 [98.0, 1, 0, 1, 0]
2-76477 [84.0, 0, 1, 1, 0]
9-00484 [48.5, 0, 9, 1, 1]
7-90388 [91.5, 0, 3, 1, 1]
2-99194 [15.0, 0, 11, 0, 1]
2-97530 [-32.5, 19, 0, 0, 1]
7-56377 [36.0, 10, 0, 1, 1]
8-18495 [26.5, 9, 0, 0, 1]
5-69737 [85.5, 3, 0, 1, 1]
2-04216 [26.0, 0, 9, 0, 1]
8-27346 [98.0, 1, 0, 0, 0]
7-05978 [-14.5, 0, 17, 0, 1]
9-71261 [98.0, 0, 1, 0, 0]
4-14609 [-35.5, 19, 0, 1, 1]
4-14884 [24.0, 9, 0, 0, 1]
3-30001 [100.0, 1, 0, 0, 0]
6-82456 [100.0, 2, 0, 0, 1]
4-67403 [88.0, 3, 0, 1, 1]
6-08470 [25.5, 11, 0, 1, 1]
2-81018 [53.0, 0, 8, 0, 1]
8-59939 [-6.5, 14, 0, 1, 1]
2-68215 [84.0, 0, 1, 0, 0]
4-62902 [45.0, 7, 0, 1, 1]
4-13116 [100.0, 2, 0, 0, 1]
3-09092 [68.0, 2, 0, 1, 1]
4-27609 [95.5, 3, 0, 1, 1]
7-10086 [44.5, 9, 0, 1, 1]
3-80198 [-47.0, 20, 0, 1, 1]
2-36326 [100.0, 2, 0, 0, 1]
9-30556 [98.0, 1, 0, 0, 0]
8-11602 [49.0, 7, 0, 1, 1]
9-81647 [3.0, 14, 0, 1, 1]
2-49729 [43.5, 3, 0, 1, 1]
1-78393 [95.5, 3, 0, 1, 1]
2-57010 [47.5, 3, 0, 0, 1]
6-27843 [68.0, 2, 0, 0, 1]
3-36635 [100.0, 1, 0, 1, 0]
6-53781 [85.5, 3, 0, 1, 1]
4-66024 [100.0, 1, 0, 1, 0]
8-51571 [100.0, 1, 0, 0, 0]
3-55688 [65.5, 7, 0, 1, 1]
8-13223 [91.5, 3, 0, 1, 1]
6-05407 [36.0, 10, 0, 1, 1]
5-95934 [68.0, 2, 0, 0, 1]
8-35234 [-38.0, 19, 0, 0, 1]
6-50877 [98.0, 1, 0, 1, 0]
1-68203 [25.0, 11, 0, 0, 1]
6-12038 [-16.0, 14, 0, 1, 1]
6-47816 [96.0, 2, 0, 0, 1]
4-99255 [63.0, 6, 0, 0, 1]
3-32190 [85.5, 3, 0, 0, 1]
2-72980 [96.0, 2, 0, 0, 1]
3-75979 [33.0, 9, 0, 0, 1]
6-47320 [84.0, 1, 0, 0, 0]
4-84160 [85.5, 3, 0, 1, 1]
9-26292 [85.5, 3, 0, 1, 1]
5-68188 [100.0, 2, 0, 1, 1]
6-39886 [84.0, 1, 0, 0, 0]
6-06800 [100.0, 1, 0, 1, 0]
5-75612 [95.5, 3, 0, 0, 1]
5-63031 [91.5, 3, 0, 1, 1]
3-80736 [68.0, 2, 0, 0, 1]
8-24362 [100.0, 2, 0, 1, 1]
1-80916 [100.0, 1, 0, 1, 0]
2-27023 [88.5, 3, 0, 0, 1]
2-42830 [91.5, 3, 0, 1, 1]
8-98552 [100.0, 2, 0, 0, 1]
4-42318 [-9.5, 16, 0, 1, 1]
1-81164 [25.0, 11, 0, 0, 1]
9-50764 [26.5, 9, 0, 1, 1]
8-20036 [95.5, 3, 0, 1, 1]
2-09877 [91.5, 3, 0, 1, 1]
9-02129 [84.0, 1, 0, 1, 0]
2-79113 [96.0, 2, 0, 1, 1]
4-90079 [100.0, 1, 0, 1, 0]
5-13087 [100.0, 1, 0, 0, 0]
5-96594 [71.0, 6, 0, 1, 1]
9-93813 [68.0, 2, 0, 0, 1]
3-16555 [43.5, 3, 0, 0, 1]
6-09483 [100.0, 1, 0, 1, 0]
7-24537 [68.0, 2, 0, 0, 1]
1-52990 [27.5, 8, 0, 0, 1]
9-44341 [100.0, 1, 0, 1, 0]
2-78222 [84.0, 1, 0, 1, 0]
2-70885 [37.0, 10, 0, 1, 1]
3-90021 [100.0, 2, 0, 0, 0]
